100 Hz
-------------------
412
299
303
306
282
306
305
286
327
340
312
332
339
305
328
333
304
338
337
301
321
345
309
316
334
300
326
334
292
315
318
296
337
327
307
345
338
316
350
339
320
355
345
314
353
357
317
335
350
307
324
334
294
284
317
580
334
294
303
327
288
304
335
303
300
339
318
303
339
328
302
333
335
304
331
329
300
338
337
294
318
331
292
320
327
295
327
333
298
333
334
297
324
326
296
328
330
330
334
312
348
329
323
361
328
331
366
333
353
383
355
354
371
334
351
374
338
300
344
550
375
291
290
313
277
305
317
281
295
336
307
337
349
315
347
350
315
349
347
314
341
337
304
332
345
312
337
360
325
342
362
325
345
363
321
345
350
319
352
365
339
379
374
340
375
364
324
358
329
297
464
470
363
350
308
299
337
323
281
321
338
284
281
346
331
271
293
326
270
212
260
123
189
277
284
226
259
275
186
209
333
346
293
302
358
329
293
328
339
293
331
365
318
299
352
339
298
352
371
305
299
385
472
574
664
666
666
667
666
668
669
666
668
666
666
665
666
647
516
466
471
465
391
379
396
313
293
349
328
258
268
310
257
245
314
301
216
174
227
225
170
170
207
121
84
136
149
64
3
13
201
155
26
0
0
0
1
0
0
0
1
0
0
0
0
0
0
0
1
0
48
131
183
176
187
280
315
304
441
227
324
216
132
85
109
163
148
116
191
249
213
227
212
191
224
200
102
123
250
366
560
259
141
80
0
0
0
1
0
0
1
0
1
1
0
0
1
1
1
4
0
15
145
211
304
373
422
422
490
546
552
527
598
633
573
532
612
621
551
553
609
577
517
490
513
439
333
311
320
320
264
245
312
258
273
328
428
665
0
667
553
582
602
529
529
666
667
670
670
669
662
633
521
566
483
647
671
670
671
669
670
672
669
670
671
669
672
674
673
672
673
672
672
672
672
671
673
672
669
671
671
671
669
670
669
671
205
0
0
1
0
1
1
1
0
1
0
1
1
1
0
0
0
0
1
0
0
0
0
1
1
1
0
0
0
0
0
0
1
0
1
0
1
1
0
0
0
0
1
9
74
95
163
325
178
210
176
223
278
294
259
308
346
316
323
387
393
360
418
430
368
392
440
423
392
446
443
390
439
469
427
419
470
441
412
453
464
419
453
466
430
455
436
574
624
386
412
381
409
410
380
408
404
377
410
410
382
417
416
384
403
415
374
392
393
365
397
395
365
383
360
387
396
369
401
395
373
405
392
368
403
402
372
398
395
376
409
383
364
401
389
367
393
402
368
384
411
382
383
411
376
386
401
364
365
365
369
550
450
338
343
364
330
351
367
338
367
364
340
378
367
356
393
360
363
395
354
358
380
330
342
378
339
325
379
363
326
367
364
326
373
368
319
334
359
303
305
353
272
288
306
357
355
300
337
376
355
341
408
399
358
401
414
362
409
461
422
356
478
599
317
368
325
379
360
322
388
405
342
338
397
369
339
396
403
342
367
413
372
351
408
414
351
363
403
363
338
387
384
332
359
395
336
315
355
356
299
310
309
274
537
327
332
284
268
328
331
277
308
338
299
296
359
330
286
324
360
326
313
368
343
296
348
364
298
304
360
346
320
388
398
337
315
389
386
331
348
406
361
311
301
327
261
229
229
198
173
237
276
256
239
307
316
256
293
334
327
294
350
342
301
342
328
302
486
302
311
330
363
316
328
383
360
331
380
399
348
372
403
359
350
402
391
336
357
402
389
348
300
350
308
309
368
327
304
357
360
309
342
378
317
291
477
527
355
315
336
286
277
337
317
275
321
348
292
298
352
316
299
358
356
302
324
360
311
298
354
354
302
332
376
342
315
364
373
315
336
383
354
330
384
382
336
379
404
353
344
398
378
344
398
404
347
359
414
387
370
427
393
346
373
401
350
333
376
332
417
567
295
366
344
296
334
382
425
486
620
153
153
206
144
129
148
273
410
408
231
211
119
82
83
56
35
83
79
35
82
102
61
72
116
86
71
131
134
88
123
142
95
131
171
159
140
209
219
171
367
443
480
553
578
553
580
649
644
604
634
645
606
637
664
634
621
621
565
487
595
547
581
555
550
631
666
671
666
671
670
543
447
367
302
223
186
203
174
135
165
162
102
115
137
71
67
115
45
81
332
100
107
117
88
155
183
152
230
260
243
243
300
285
297
358
349
313
348
324
287
336
348
336
390
416
412
443
467
395
411
503
546
548
505
522
533
464
441
480
433
374
384
410
378
409
439
385
370
415
378
342
390
408
363
385
425
363
282
250
272
229
287
556
499
507
595
635
631
638
658
660
663
668
664
665
666
665
506
395
352
276
223
208
222
129
64
0
0
1
0
0
0
0
0
0
0
0
0
0
1
0
0
1
0
1
0
0
0
0
21
219
0
0
0
71
75
65
138
142
145
224
253
301
376
416
388
411
453
415
414
483
488
436
486
521
483
477
533
515
455
468
505
445
433
497
477
416
423
475
442
396
430
451
397
380
429
412
356
389
409
343
358
415
376
324
352
380
320
319
366
294
398
481
179
137
102
43
51
91
50
32
104
138
114
135
194
188
167
240
245
190
213
271
248
220
285
309
276
284
338
325
311
373
369
327
381
432
389
385
441
402
379
424
420
371
411
423
367
341
464
664
365
401
383
377
392
346
378
400
361
381
422
388
371
427
397
349
379
397
346
355
401
370
334
371
391
336
333
387
367
320
344
378
332
308
368
352
302
336
360
315
312
367
335
318
389
401
310
321
380
396
335
329
366
282
257
307
313
279
483
457
358
391
423
386
415
458
435
436
485
448
436
505
491
441
477
504
445
440
501
483
428
456
499
468
435
493
508
447
457
510
473
423
497
518
484
436
464
460
402
442
455
393
417
476
467
519
535
459
441
477
400
284
113
1
0
0
0
0
0
0
1
0
0
0
0
0
0
0
0
0
1
0
0
65
60
18
81
103
47
33
111
107
76
136
173
140
156
188
138
144
211
217
183
235
284
245
230
300
230
167
211
295
352
363
326
391
426
397
399
464
455
412
469
493
435
451
498
436
471
662
608
666
532
366
331
377
389
347
379
429
410
384
435
418
353
352
398
349
328
432
560
594
574
493
453
491
477
397
369
404
349
285
259
300
253
229
296
301
275
310
262
259
326
323
292
349
356
309
357
397
352
341
408
408
354
392
388
323
510
534
372
363
424
424
366
394
433
398
371
427
439
383
399
454
434
389
426
446
380
389
440
406
366
407
431
369
365
418
395
340
362
392
337
329
385
365
311
340
383
333
303
349
359
298
308
357
298
396
532
272
299
315
250
265
318
295
271
324
337
279
288
347
327
292
350
350
299
331
351
287
297
356
344
298
332
367
313
309
376
353
376
393
352
391
433
400
366
389
402
324
314
381
368
295
304
368
338
305
323
249
247
350
358
302
250
280
345
309
351
520
345
318
295
344
324
295
355
380
322
329
373
334
308
366
375
310
330
369
322
293
346
348
319
366
376
341
376
397
352
363
399
364
361
404
376
354
407
388
350
378
396
349
365
390
307
310
528
607
427
310
279
310
344
300
293
342
314
296
346
340
297
332
354
181
469
339
295
291
309
270
293
329
230
231
281
238
208
259
285
240
245
302
285
254
303
313
260
287
318
280
293
349
327
322
372
344
324
388
381
322
350
378
328
339
380
330
296
471
500
359
324
331
276
315
336
280
302
343
312
290
342
330
288
322
343
283
260
296
265
217
220
188
96
72
140
149
94
101
146
151
164
286
407
429
383
360
279
353
329
424
556
275
296
267
243
293
285
248
301
321
285
282
331
285
244
291
294
230
246
293
279
273
327
302
293
347
323
368
392
348
356
398
345
324
371
355
302
341
451
535
524
447
404
416
363
309
299
210
1
0
0
282
453
521
666
538
416
340
509
436
305
282
293
280
328
297
256
281
319
284
291
332
296
325
398
391
371
425
434
391
417
442
395
392
427
379
361
407
391
352
382
388
339
349
377
338
350
378
328
343
378
340
332
379
361
330
373
362
307
335
361
313
336
384
345
320
358
370
326
343
367
290
384
581
329
344
320
376
400
400
442
425
390
424
390
366
419
451
414
397
451
454
398
407
414
345
356
393
366
350
407
392
341
364
397
362
367
378
318
332
379
343
332
361
344
455
591
305
332
284
261
307
292
254
296
330
285
278
345
343
296
331
331
276
296
300
250
276
287
243
275
294
248
285
324
306
271
276
240
195
219
215
155
147
177
148
155
151
103
133
151
108
151
204
204
193
251
246
259
330
334
304
334
343
335
415
465
458
405
423
419
562
482
337
331
344
360
354
338
311
338
323
286
314
326
281
299
318
264
280
321
302
339
402
435
419
397
434
430
413
481
480
437
451
505
468
447
503
509
449
485
516
456
416
576
664
338
300
254
188
165
217
196
155
195
229
189
187
250
273
271
364
455
539
592
592
647
667
669
672
670
673
672
670
671
672
670
671
671
669
672
670
670
667
667
670
670
673
674
671
672
669
667
641
553
522
482
383
332
306
338
260
202
155
140
63
15
161
241
21
1
0
1
1
0
0
0
0
0
1
1
0
0
1
0
0
1
0
1
0
3
0
40
58
8
51
101
83
56
125
141
88
115
170
154
126
185
199
142
156
266
324
309
260
303
332
289
290
321
262
416
460
289
253
289
318
269
264
321
308
265
309
341
299
288
354
354
297
310
361
316
289
338
340
288
313
356
330
307
368
361
316
360
380
327
340
389
362
329
376
376
313
311
315
211
93
0
0
1
0
0
0
0
1
1
0
0
0
1
0
0
0
0
0
0
60
31
0
0
0
36
106
135
112
160
206
209
208
274
301
274
327
352
320
342
381
354
362
390
358
379
416
386
416
448
404
422
451
416
418
461
448
447
492
476
479
514
494
490
522
494
497
530
505
496
528
509
494
477
669
496
457
458
429
454
457
428
452
454
425
451
449
420
451
452
429
458
453
435
464
435
431
454
425
425
451
423
426
450
427
426
450
419
417
439
406
421
430
405
432
416
399
426
402
388
415
391
400
418
386
408
388
380
406
384
379
415
388
386
405
363
377
396
366
379
362
352
515
518
383
361
342
329
358
343
337
360
324
330
344
316
336
347
325
355
358
339
367
349
332
360
339
336
363
337
337
362
335
356
371
346
363
380
352
367
381
358
384
388
364
388
391
359
380
377
357
387
362
355
382
357
363
375
349
370
374
322
322
343
312
329
336
309
341
338
322
351
328
330
348
319
332
339
308
331
337
308
334
339
314
344
330
335
349
322
350
347
327
354
335
325
354
332
327
358
338
332
357
336
333
355
329
329
348
320
330
344
316
334
346
324
347
338
316
345
339
323
351
331
311
316
369
609
328
303
327
327
303
329
324
300
333
327
307
334
315
319
342
316
325
349
320
325
345
312
319
336
311
332
330
321
345
319
325
346
325
344
352
327
360
355
336
361
338
322
348
322
318
338
311
298
326
306
301
323
300
299
325
304
306
329
304
311
330
296
326
319
294
332
329
315
352
335
321
347
318
324
338
310
323
337
303
317
338
316
315
340
320
328
349
321
332
338
316
343
347
316
349
347
321
348
333
318
351
331
327
351
323
340
354
326
346
345
324
360
347
327
354
338
329
361
339
328
324
331
493
501
356
341
319
304
335
323
306
336
305
314
336
298
327
341
305
324
349
302
317
349
311
303
343
326
293
336
330
285
317
316
258
272
267
228
293
310
253
251
317
309
373
393
332
323
388
368
317
339
378
348
338
384
341
328
385
366
315
339
382
339
329
384
351
288
452
307
322
364
319
301
355
356
303
328
364
328
323
376
346
324
374
369
325
368
378
327
357
376
356
306
338
279
237
273
326
328
300
356
363
308
331
360
310
314
367
357
396
487
548
526
524
665
667
624
388
346
297
327
330
282
257
301
269
227
287
357
428
532
668
671
671
668
673
669
665
672
672
669
671
672
670
672
671
670
671
669
670
668
622
636
665
670
670
670
572
446
353
287
261
249
149
108
108
115
43
27
28
0
127
160
0
0
1
0
1
0
1
0
0
0
0
2
0
0
1
0
0
0
0
0
0
0
1
86
0
1
0
0
0
1
1
0
0
0
1
0
0
0
0
1
1
0
0
1
0
0
1
1
1
0
1
26
312
99
168
172
228
258
251
272
313
304
308
363
359
365
410
401
420
453
428
444
479
454
478
506
474
495
530
507
500
538
521
524
554
528
535
560
524
541
565
537
539
561
532
549
534
519
554
533
521
552
529
526
553
526
524
553
528
525
544
509
518
536
495
500
524
450
501
664
597
458
441
460
422
438
450
417
428
429
406
440
426
413
453
442
421
460
449
428
449
422
402
425
406
390
425
401
395
425
398
359
377
358
351
387
362
340
374
369
349
377
368
320
347
507
549
354
351
333
320
348
331
325
354
329
333
365
342
352
367
335
361
372
339
354
364
330
350
349
331
366
346
332
368
352
347
374
336
357
366
335
362
367
335
360
357
329
357
359
329
360
357
331
357
349
325
352
338
328
352
323
338
347
318
346
358
328
344
352
321
356
346
331
366
310
329
574
344
348
312
320
337
308
321
343
311
327
345
314
329
340
314
336
347
315
338
346
310
326
329
302
335
327
305
338
325
315
347
326
321
342
316
327
347
323
344
355
323
306
332
302
328
328
301
322
330
302
303
312
436
538
299
321
289
313
327
293
319
324
294
331
304
300
342
320
305
351
314
298
347
328
293
330
337
292
320
346
303
310
352
320
308
350
327
322
355
315
313
355
327
315
355
343
308
349
347
309
350
345
310
345
339
306
344
345
323
361
334
315
357
346
310
349
319
303
511
388
300
295
335
310
293
337
321
290
329
333
299
341
348
314
357
370
326
336
370
335
320
369
360
309
322
347
308
328
347
303
318
349
308
306
343
309
311
338
296
300
341
315
299
338
329
325
333
307
347
