342
296
279
304
293
293
315
270
289
319
294
300
315
283
308
326
292
311
331
299
318
331
304
324
338
303
317
342
315
306
342
315
315
347
316
323
352
318
320
344
320
327
353
328
330
356
325
324
349
316
332
345
317
341
361
321
337
355
323
341
354
320
334
356
318
317
344
319
311
341
316
282
298
401
605
320
281
288
313
284
291
304
272
300
316
288
306
331
301
316
342
317
323
349
317
326
351
308
342
332
312
347
330
317
350
333
314
352
333
324
352
319
322
347
309
324
347
312
328
338
308
330
338
315
341
353
320
328
312
286
298
321
291
293
320
290
316
328
291
316
336
312
344
340
316
345
334
307
339
332
310
349
337
323
351
326
339
361
329
338
349
314
340
351
317
344
346
316
352
347
319
347
341
317
344
343
315
345
338
326
362
339
324
358
337
335
369
348
321
327
335
528
409
311
297
339
337
301
322
331
319
343
317
319
343
316
325
347
310
320
338
308
321
340
304
310
343
316
312
343
314
316
349
327
329
338
310
332
335
306
337
327
313
342
329
311
347
323
312
341
325
315
344
325
325
350
316
333
349
315
343
360
323
336
350
319
282
322
305
306
328
294
315
331
297
322
337
303
311
338
310
310
344
316
318
352
323
337
361
315
321
342
293
297
334
308
319
338
304
310
341
309
291
332
333
338
361
327
344
371
340
351
352
358
367
332
356
367
338
363
356
330
333
370
613
360
314
337
334
306
333
328
317
343
313
313
349
318
317
347
329
330
346
317
332
337
305
328
335
302
339
342
312
336
335
318
349
331
322
350
321
336
348
322
360
364
346
383
370
362
384
344
346
360
324
342
354
323
346
359
321
336
333
316
350
327
317
341
272
341
616
327
296
291
319
315
328
333
301
332
340
315
341
356
323
336
341
313
333
334
319
353
345
329
354
328
343
358
330
350
363
328
347
354
329
361
362
326
351
355
327
351
348
312
312
343
625
347
309
302
332
310
306
330
304
315
331
311
332
337
310
333
332
315
349
332
319
353
334
313
343
333
309
334
317
310
339
318
320
348
322
325
343
310
334
341
310
332
330
304
338
338
306
330
333
311
349
333
320
351
333
320
349
339
338
350
315
338
347
320
344
353
286
328
567
336
334
303
302
331
301
307
338
310
313
344
314
350
349
322
351
326
309
338
318
313
341
314
309
335
305
314
326
299
336
347
310
337
351
323
357
353
324
317
313
415
605
290
309
319
294
318
317
305
334
307
327
340
316
342
360
323
340
354
326
341
355
317
332
353
317
322
355
332
327
372
356
337
370
352
335
364
352
331
363
354
340
365
336
346
372
349
338
364
331
338
359
329
343
360
332
346
356
323
344
360
329
349
354
282
364
661
338
304
292
337
322
296
334
295
293
317
289
316
320
292
332
316
298
340
329
310
336
320
313
346
320
334
364
335
333
363
332
321
350
316
327
350
313
320
350
335
342
318
299
479
456
331
315
309
283
317
314
293
334
321
319
343
315
318
349
317
321
346
318
318
335
305
332
331
304
338
342
310
337
337
311
337
328
300
325
328
297
321
322
296
326
328
299
322
318
296
333
324
302
335
328
312
355
339
316
344
344
315
348
350
331
358
343
328
360
341
331
488
500
308
323
287
302
321
292
298
330
308
321
337
307
333
341
317
336
345
314
340
351
326
349
337
319
346
335
326
356
329
334
366
340
349
363
326
341
352
323
348
332
316
352
331
322
347
314
327
352
320
331
345
314
331
309
291
321
331
303
332
330
300
341
343
311
342
346
318
341
342
313
340
335
311
338
330
305
334
318
303
341
331
313
347
333
313
345
328
314
353
337
311
336
325
312
346
326
323
348
318
369
360
330
348
354
324
346
352
289
307
481
537
333
328
321
313
334
298
302
330
307
321
333
303
335
337
309
340
349
310
338
344
320
346
345
319
347
352
331
354
344
331
367
353
344
372
350
336
360
341
333
364
342
340
366
334
348
365
331
345
354
319
325
346
316
326
336
310
340
336
311
351
349
316
343
339
319
341
334
297
298
343
323
342
321
314
343
315
302
332
313
303
331
306
304
338
328
317
355
343
323
359
327
345
357
327
346
351
327
360
350
330
359
344
326
354
335
316
345
335
314
342
332
312
341
337
324
355
326
317
349
332
319
348
309
272
409
570
290
316
289
288
315
289
300
317
290
318
320
301
330
312
307
336
305
324
339
301
319
338
310
320
343
312
324
352
320
328
352
319
336
347
319
337
349
317
336
347
320
342
355
320
326
357
324
329
353
328
334
359
323
333
355
330
337
351
327
357
359
325
354
354
327
355
353
563
354
331
293
302
329
304
309
334
307
316
329
303
329
337
304
314
344
317
322
353
335
334
365
337
340
365
332
353
366
332
357
369
339
354
368
335
353
356
325
345
339
319
351
338
316
352
343
325
359
336
324
355
333
326
326
277
411
596
312
301
317
283
287
298
269
294
300
272
301
321
296
306
334
300
313
332
299
314
331
298
322
339
303
317
339
315
312
338
316
316
347
323
326
342
310
332
344
317
340
350
318
354
338
328
360
338
334
357
335
334
359
341
342
362
329
347
354
329
355
360
320
338
361
330
343
352
284
329
511
432
327
320
341
294
315
333
305
330
333
312
353
344
321
349
331
327
356
329
325
353
329
329
353
326
334
355
328
338
362
332
344
367
333
348
369
343
345
367
335
364
375
333
335
356
327
329
352
315
299
345
591
346
297
303
320
287
302
315
287
311
326
300
319
341
315
327
352
324
340
353
316
330
345
314
349
329
320
346
330
326
351
321
339
342
321
355
340
324
365
352
334
368
355
339
361
332
335
356
331
340
365
335
346
360
327
345
358
325
345
357
318
327
345
318
330
343
313
323
339
310
331
337
261
298
622
324
293
312
309
292
309
317
315
332
302
326
340
307
322
347
310
330
344
310
334
340
318
346
354
321
347
357
332
355
361
329
354
362
343
379
382
360
386
368
343
380
369
339
367
343
333
361
338
332
324
289
363
322
287
295
325
290
299
331
301
304
333
307
318
337
312
328
342
315
337
349
310
330
336
302
338
341
307
337
343
315
345
350
314
339
344
312
339
337
308
332
330
313
346
321
312
339
312
304
336
319
308
340
310
309
333
303
312
328
295
308
334
306
330
329
307
341
325
317
352
324
277
357
663
308
290
300
308
292
321
313
301
336
344
317
351
353
322
353
356
326
360
362
333
362
354
317
352
363
322
349
369
335
354
330
306
358
365
326
355
367
333
370
387
349
345
369
335
335
369
344
300
322
492
535
341
337
315
304
330
317
308
338
315
317
347
321
337
364
343
392
382
313
294
332
311
281
321
312
269
299
333
297
295
342
308
293
345
331
295
348
348
300
328
356
317
311
364
346
320
362
354
309
349
365
320
336
367
330
330
376
338
326
366
334
323
369
345
323
334
334
448
565
298
324
280
286
330
298
287
333
316
287
325
336
294
354
332
302
337
348
316
305
331
290
322
340
299
314
345
303
294
348
328
303
344
338
296
333
344
307
303
330
461
534
297
335
292
286
329
306
284
333
330
288
326
349
310
329
370
341
324
369
345
310
341
350
306
344
348
309
346
347
307
336
329
305
347
312
296
339
329
298
333
335
294
332
333
299
339
344
303
331
356
322
330
367
331
341
369
333
319
364
359
331
369
366
327
365
374
325
318
315
302
596
332
284
314
303
301
332
295
310
347
311
314
360
336
329
375
338
314
355
350
306
332
344
304
322
344
301
307
347
318
297
345
328
300
345
354
318
340
358
318
321
356
325
283
407
612
303
321
355
327
314
355
345
314
357
354
311
339
364
326
350
371
328
323
359
315
305
348
321
317
357
338
322
364
341
325
353
322
310
346
324
311
357
340
307
353
351
307
336
350
311
345
357
320
333
365
329
329
375
343
326
368
342
332
374
359
339
668
321
315
352
326
306
349
321
306
352
323
327
363
320
325
368
338
327
362
324
311
352
326
308
350
324
316
357
336
313
355
352
312
348
357
312
331
366
327
334
369
336
327
374
356
325
363
358
325
365
353
322
366
350
319
354
309
266
270
311
282
274
322
301
283
333
325
289
336
324
292
329
316
281
316
319
283
312
316
275
316
321
287
324
345
303
304
353
335
303
333
346
296
322
355
323
310
350
328
317
356
337
343
339
323
359
326
325
370
344
316
344
344
312
352
338
282
315
461
545
321
289
324
307
282
321
320
281
312
330
295
325
349
313
333
358
323
325
346
301
310
340
307
309
345
308
319
346
304
309
349
320
305
353
327
303
338
348
304
320
347
311
319
347
304
310
348
323
327
361
327
333
364
331
356
382
338
343
375
336
333
375
346
289
307
341
314
350
353
315
335
357
316
319
360
334
318
357
346
313
351
358
319
337
332
317
360
335
308
350
342
312
348
334
303
334
333
299
339
345
308
354
371
327
342
376
332
326
373
343
311
340
333
291
312
316
245
284
503
327
264
260
302
264
266
312
291
281
324
304
280
331
329
286
322
346
304
309
353
328
310
344
336
304
353
359
312
333
356
320
319
358
338
328
363
334
323
362
333
328
371
356
342
382
350
334
372
366
333
365
367
333
369
377
343
375
387
346
359
379
336
355
380
343
342
343
300
379
350
308
309
335
347
328
339
306
338
348
306
336
332
308
349
332
315
358
347
313
351
349
317
349
342
311
347
343
319
355
348
307
340
351
310
339
353
307
319
342
300
313
345
309
293
299
293
510
355
287
270
306
308
272
302
326
290
297
336
299
309
347
313
310
358
336
321
364
338
325
360
322
311
349
331
315
353
336
311
353
353
318
352
369
334
334
375
349
339
382
351
345
387
358
338
377
359
333
370
370
330
381
363
340
383
357
338
381
351
336
370
353
314
338
355
308
289
311
365
632
321
279
268
313
299
268
306
312
266
302
320
283
312
357
329
312
356
350
310
346
351
313
344
342
310
347
345
311
350
342
317
353
349
314
339
354
313
335
360
314
312
347
313
303
343
310
267
413
534
287
325
295
284
324
304
277
318
317
289
336
324
310
346
317
304
349
328
301
337
333
299
332
339
308
330
344
305
331
342
310
336
343
304
328
326
321
353
320
318
353
327
312
349
326
312
352
325
311
349
324
325
363
325
333
360
323
327
358
325
325
319
319
578
325
323
323
295
333
322
302
339
328
297
327
339
305
335
342
313
340
353
313
334
359
321
328
359
322
332
357
339
322
347
310
332
346
309
336
343
309
340
353
312
335
362
323
331
356
324
332
353
320
327
361
324
316
348
290
326
641
335
303
284
327
326
295
333
322
305
352
328
325
360
324
328
357
316
352
348
313
352
352
318
361
358
320
346
362
320
331
365
335
327
361
325
318
351
322
321
355
317
317
352
322
322
347
304
324
353
329
318
359
344
322
359
347
325
358
346
326
362
331
311
351
337
325
360
297
342
532
341
331
290
323
324
282
310
324
285
296
330
304
302
347
325
320
354
327
306
346
335
308
351
335
312
353
344
314
304
326
301
335
346
307
330
350
310
340
351
312
339
350
311
338
352
316
347
350
338
346
301
309
401
634
333
321
283
315
321
278
300
325
291
300
332
303
318
350
317
314
353
328
317
354
335
301
331
343
302
319
346
313
310
341
304
298
338
317
303
339
324
295
331
333
297
332
331
301
341
339
306
337
346
306
345
344
310
344
344
314
351
342
316
352
345
316
353
356
327
357
349
320
349
350
314
351
351
288
389
610
313
301
339
315
293
332
330
301
340
340
311
347
341
316
350
347
313
353
351
311
335
316
337
362
319
321
318
309
329
346
308
330
346
304
328
350
322
341
351
308
340
342
304
335
355
284
325
599
334
297
334
316
290
331
320
294
336
321
315
359
343
324
367
340
329
361
335
319
359
338
307
341
340
307
345
341
306
347
341
314
351
346
317
351
338
318
359
346
313
346
348
312
342
340
305
332
327
307
346
318
311
348
320
311
351
322
324
355
321
330
358
321
339
374
342
343
368
326
342
359
321
342
309
435
306
288
315
312
276
314
311
282
322
326
286
315
337
302
303
344
316
303
343
342
309
341
332
305
346
330
308
350
339
320
329
336
339
364
324
342
372
337
336
371
348
341
383
346
334
373
359
331
356
347
280
396
565
296
331
320
291
335
318
294
332
316
301
346
334
306
349
337
317
358
348
314
342
344
302
328
336
296
329
341
304
320
344
308
316
349
318
327
354
321
322
359
322
327
363
331
339
371
338
332
369
350
344
352
321
364
343
331
376
359
327
364
362
331
372
374
308
325
501
521
345
350
307
310
337
296
301
332
297
296
334
304
308
342
312
310
351
317
316
348
310
315
342
313
320
352
320
335
363
328
331
365
330
332
356
321
325
351
360
365
362
340
371
342
322
359
334
306
346
329
296
326
279
302
560
294
280
300
258
286
307
275
292
321
290
293
322
291
303
328
291
304
333
296
306
328
286
296
337
317
296
355
345
306
358
339
318
354
356
316
343
359
317
323
357
318
313
353
331
304
341
349
301
331
351
315
327
364
326
319
350
324
323
355
312
318
319
281
433
512
320
285
314
325
288
304
339
311
299
340
336
311
354
351
317
352
352
313
343
338
301
326
345
296
316
349
313
316
349
311
313
347
310
317
344
311
320
346
313
323
349
308
331
349
306
333
353
554
397
345
329
287
315
334
288
302
335
305
309
336
298
331
348
308
329
352
327
354
321
316
354
339
315
352
343
319
356
353
316
341
350
306
349
359
319
339
365
319
312
358
332
312
356
342
310
346
354
320
338
370
333
322
368
336
320
361
353
327
367
348
319
357
359
312
343
331
295
469
454
331
313
313
275
315
317
283
331
331
293
334
341
299
326
350
304
309
352
324
318
353
325
303
340
340
299
322
349
303
312
348
314
301
354
343
301
339
356
306
296
345
328
306
353
342
309
349
351
312
359
337
339
381
336
330
288
308
283
329
343
305
325
353
317
312
346
308
302
336
309
300
339
321
304
336
318
299
341
333
305
346
330
301
339
338
305
333
335
311
348
332
312
352
330
322
354
328
333
366
332
337
366
329
346
369
334
325
357
335
325
361
331
287
345
651
292
271
288
297
263
284
292
260
293
307
278
306
329
296
311
328
300
320
333
305
333
331
321
358
327
321
349
318
332
354
334
329
363
331
335
355
325
342
335
317
348
327
320
350
331
327
361
333
340
365
328
335
354
322
333
352
322
346
351
331
359
343
330
367
352
342
369
327
321
345
346
320
346
332
310
342
329
310
343
328
312
347
324
317
350
329
318
350
327
326
353
331
337
359
329
332
350
321
345
349
325
360
343
327
359
342
331
362
341
334
357
338
337
352
319
345
351
317
342
349
306
307
350
555
357
325
309
287
316
319
292
326
310
301
327
312
307
334
310
327
329
332
341
308
329
329
304
330
323
306
337
319
309
344
329
319
350
329
322
347
316
329
343
308
324
343
312
332
344
312
337
349
316
342
353
322
341
347
317
347
351
324
353
346
325
354
349
338
369
345
332
358
347
337
367
332
311
344
310
305
332
299
304
323
292
302
320
291
324
325
298
323
319
293
328
322
303
331
327
307
340
323
315
345
316
317
349
323
321
348
315
331
347
314
330
348
312
337
347
318
339
351
339
353
316
339
348
313
329
340
315
299
324
446
551
310
342
315
297
324
315
291
324
308
298
326
315
305
335
304
326
345
320
319
343
310
315
337
312
314
336
311
334
332
308
341
324
313
343
322
316
344
327
320
349
321
319
345
321
326
351
322
342
343
319
352
338
324
350
328
331
348
328
354
360
324
349
348
328
363
345
331
332
341
319
360
339
333
360
330
316
354
338
314
340
333
310
344
343
321
355
332
322
357
320
336
355
328
334
354
329
336
353
323
332
345
316
339
349
320
341
350
320
342
351
320
354
359
318
334
348
319
336
354
324
294
321
488
475
298
301
297
320
284
308
327
295
307
320
293
322
326
292
312
295
276
307
299
278
311
288
271
302
292
280
315
291
286
320
295
302
325
300
313
336
307
321
335
305
340
334
309
340
330
305
339
325
311
345
323
312
341
327
310
336
312
320
338
306
321
339
306
323
340
289
286
406
312
301
293
318
292
290
316
297
327
324
305
339
318
305
335
307
313
336
303
327
340
312
328
350
318
336
356
327
342
363
336
352
369
337
343
362
330
346
360
326
317
363
581
359
305
325
325
295
321
319
296
325
320
307
345
331
329
359
331
337
366
341
345
360
324
346
350
322
352
328
324
353
324
322
349
325
348
357
322
342
345
318
347
341
317
345
343
322
356
338
331
359
338
327
359
338
336
363
335
332
360
331
354
355
324
353
350
321
353
340
314
307
308
475
478
334
317
314
288
316
313
289
321
306
296
331
311
301
338
324
312
349
335
303
330
322
305
342
322
315
345
327
327
354
332
334
363
335
341
365
334
338
360
332
337
359
323
347
366
329
336
347
323
352
341
331
354
299
382
617
328
294
325
331
298
323
331
302
336
335
312
347
339
325
359
338
335
365
341
341
362
328
340
358
325
347
358
331
344
354
326
352
357
330
357
334
330
352
320
333
350
316
330
345
311
327
338
313
327
331
304
328
330
306
342
332
305
339
328
315
344
325
310
300
300
458
465
332
313
308
284
315
311
288
322
320
291
324
321
305
341
328
323
355
332
330
358
329
329
357
327
325
349
317
328
348
316
322
341
311
329
338
309
331
345
308
335
340
318
340
350
321
351
335
327
363
332
324
353
329
325
355
328
291
316
432
585
328
293
317
296
289
317
288
299
323
297
326
325
306
340
329
321
350
317
317
341
314
320
338
314
326
346
314
331
346
309
331
343
312
334
337
310
332
336
311
343
330
309
344
326
316
345
333
321
349
322
330
340
312
339
343
313
336
339
314
345
347
318
341
348
319
344
337
320
347
340
318
350
321
296
454
551
332
314
320
335
315
338
337
313
338
339
319
347
342
321
351
339
348
320
341
317
313
346
320
317
344
323
327
342
316
337
346
313
337
352
319
347
339
344
352
330
359
345
324
358
339
286
374
662
345
315
326
335
303
331
335
304
328
326
303
332
334
314
342
331
310
349
331
316
348
324
312
342
322
313
339
316
311
337
313
310
336
309
322
343
313
332
346
313
335
342
310
332
335
307
339
320
305
343
326
314
345
321
314
344
322
323
353
320
318
351
328
334
363
327
331
351
314
334
349
312
300
340
533
401
343
323
304
324
324
303
332
325
312
347
321
323
349
318
337
355
331
361
349
324
314
327
319
350
329
321
350
314
324
344
310
321
344
320
330
358
332
339
356
328
338
356
326
344
317
304
486
421
301
291
315
283
294
323
304
301
338
323
323
347
314
335
357
330
337
362
337
355
358
328
353
355
332
356
361
334
366
361
336
366
363
341
372
353
341
369
349
328
359
339
320
349
337
316
340
333
309
343
327
308
340
323
307
340
318
311
348
328
323
352
329
347
354
323
341
345
316
307
283
450
454
330
321
292
286
316
295
296
317
288
303
332
305
327
358
326
342
396
358
327
355
331
291
316
324
280
310
343
351
327
344
305
331
344
312
347
355
307
329
364
320
315
358
342
321
358
334
272
358
530
335
315
287
328
322
284
312
327
282
312
354
345
324
375
366
334
372
366
314
323
351
300
313
345
312
310
353
323
301
338
335
300
328
340
304
318
352
313
317
352
314
312
343
306
315
345
308
323
352
311
354
343
304
338
362
329
341
348
284
413
610
339
323
356
322
306
348
327
320
364
347
329
372
358
324
367
367
331
371
370
320
335
358
316
312
354
327
307
348
332
307
356
344
311
346
349
306
349
351
314
360
359
316
350
372
330
325
360
288
293
554
341
343
295
297
333
299
298
338
312
311
361
332
317
355
343
307
338
344
303
330
344
301
314
344
309
304
345
321
306
355
340
310
344
345
317
348
339
307
340
329
294
341
312
302
350
332
311
356
353
321
357
345
314
349
353
314
336
361
324
335
353
316
323
350
309
319
312
285
477
420
311
308
308
282
320
308
284
320
309
293
326
296
294
337
321
302
341
339
305
346
341
308
340
335
303
339
353
313
327
360
327
325
360
323
328
368
332
333
363
327
330
361
320
324
365
331
319
364
348
316
353
356
311
272
310
284
268
317
311
286
328
331
298
338
345
309
347
359
315
325
352
314
328
332
332
352
315
344
359
316
330
360
328
322
360
320
317
359
331
312
358
348
308
344
351
306
350
354
310
332
354
308
310
346
306
306
358
334
328
376
354
331
375
365
323
330
358
558
385
352
304
296
342
319
295
340
340
292
328
347
305
328
351
307
333
342
299
323
359
324
316
363
337
310
351
339
309
347
333
305
353
345
300
332
356
316
314
356
335
311
356
345
308
348
353
318
334
361
322
334
363
319
325
363
329
324
342
319
358
356
320
273
323
295
312
349
311
309
342
302
300
342
312
288
328
336
294
334
335
293
326
331
293
338
345
298
318
334
294
329
352
314
333
357
320
323
360
332
324
368
333
322
361
332
334
365
339
352
374
338
349
363
329
357
369
313
298
453
574
338
300
307
340
304
295
338
317
288
320
328
294
320
332
294
322
337
296
315
340
301
295
337
314
300
348
346
316
351
346
318
360
358
321
357
355
322
360
352
339
352
322
366
347
328
362
341
325
364
342
328
360
329
326
367
339
333
361
327
316
357
337
277
363
539
356
300
303
332
300
296
328
305
313
336
297
325
341
308
330
347
313
335
346
312
341
359
327
346
361
324
343
348
318
347
347
318
348
346
328
361
340
320
352
346
319
351
340
280
366
656
312
296
322
322
290
319
312
299
331
311
313
345
319
324
353
332
327
357
329
325
355
321
323
353
322
329
355
324
332
351
326
350
316
322
353
325
327
355
320
318
354
337
320
351
338
327
355
328
314
345
322
317
345
327
318
357
342
320
352
345
331
361
336
299
326
448
602
339
298
313
328
290
314
334
303
327
341
310
322
340
311
335
351
315
337
353
317
285
328
311
301
336
313
306
338
306
308
333
296
313
331
298
321
345
307
325
349
316
338
356
302
272
471
441
323
323
313
298
323
307
299
334
310
305
342
311
320
344
317
326
349
320
337
349
330
358
337
328
359
334
334
359
336
335
365
346
352
368
342
370
374
345
367
359
340
373
346
329
358
340
331
364
345
338
364
338
354
374
340
361
363
342
380
368
345
375
356
338
368
338
304
313
401
614
310
283
277
294
289
293
298
284
331
333
325
349
310
316
345
301
292
315
293
307
321
293
318
320
296
330
321
307
326
304
305
318
307
330
324
308
335
317
278
306
535
355
288
298
304
281
312
306
291
315
294
330
325
310
342
319
319
349
331
326
343
317
330
338
316
332
341
317
336
340
319
339
348
326
344
338
333
355
330
329
356
332
329
354
328
332
355
329
325
346
330
344
344
319
345
344
318
347
339
279
322
665
319
305
307
317
295
320
303
293
319
298
314
324
303
316
324
304
324
343
325
345
342
326
349
328
329
350
324
348
349
331
353
338
328
358
339
335
358
341
334
358
340
336
356
332
329
351
331
338
353
331
346
352
342
349
330
352
337
299
327
316
298
328
316
302
331
323
316
339
318
315
339
309
309
333
310
328
342
314
336
337
318
337
346
320
346
352
327
351
337
337
355
328
345
355
331
347
352
329
356
342
323
350
338
338
352
322
344
346
336
357
336
324
352
325
346
358
301
314
497
448
332
327
304
297
316
290
298
307
285
309
321
303
323
340
312
327
342
314
341
355
328
334
344
327
348
344
329
350
331
332
352
328
348
346
345
342
333
357
339
339
358
333
347
354
333
348
359
334
349
349
323
347
330
318
346
325
314
336
312
318
330
308
330
286
303
306
339
326
347
338
323
345
325
329
353
332
338
358
329
349
365
337
353
359
340
371
354
341
366
345
344
365
341
357
355
337
362
339
339
353
331
342
354
324
350
363
331
346
348
322
351
336
327
316
274
431
566
301
318
302
289
314
286
293
313
290
302
303
287
314
297
293
322
306
313
340
321
347
324
334
348
326
349
343
326
355
338
328
358
341
332
353
336
330
354
338
340
354
326
345
354
334
355
362
335
347
348
327
346
336
335
359
331
324
344
321
336
333
313
296
296
453
473
328
315
305
288
317
308
301
328
312
301
304
304
326
333
309
329
320
313
344
328
325
345
314
330
341
315
337
349
319
338
344
312
337
343
316
335
330
321
347
321
329
338
316
339
348
323
342
299
369
614
333
305
324
322
314
341
313
342
348
327
351
343
332
356
339
339
354
322
334
339
315
341
346
319
346
346
315
341
342
323
346
333
322
348
319
333
348
320
328
338
312
329
334
309
339
339
322
346
331
331
354
329
332
351
324
350
346
325
348
314
298
417
612
307
328
308
305
322
297
309
322
303
319
336
314
336
338
318
342
345
325
350
336
328
348
322
340
344
334
345
340
331
356
336
331
359
336
331
354
332
325
356
334
333
354
332
331
353
272
488
383
323
294
311
317
295
321
315
304
329
318
311
340
329
326
342
319
328
343
317
333
345
320
337
342
320
338
341
314
341
342
320
345
341
319
341
336
322
348
336
329
353
325
330
352
321
336
339
326
355
346
328
349
334
332
357
327
335
348
325
348
351
329
361
361
349
365
342
347
354
331
349
349
304
318
432
614
342
318
313
337
319
321
342
316
318
330
301
311
325
298
316
327
300
322
332
300
321
325
301
317
302
314
330
306
329
335
312
348
332
323
349
320
326
354
338
331
354
327
327
346
325
333
319
278
398
635
310
309
334
306
325
330
308
336
320
312
339
320
333
360
347
342
364
337
349
341
321
345
320
319
340
319
319
339
317
321
343
316
320
334
308
325
332
313
340
331
325
350
324
339
348
322
350
339
326
352
329
337
354
327
341
360
335
339
348
329
358
352
333
359
316
286
472
473
326
311
310
288
308
301
279
307
301
320
333
311
335
334
319
343
332
324
344
321
332
337
317
343
349
328
359
344
328
352
339
334
351
322
339
346
328
351
343
333
354
332
329
361
336
324
352
326
336
344
319
327
288
332
632
331
310
296
323
313
303
327
311
304
333
312
311
332
309
329
338
311
337
336
309
329
325
309
337
325
314
340
324
318
341
322
319
346
326
331
349
324
342
346
323
348
327
325
352
323
341
352
320
346
344
321
351
330
326
351
324
357
331
325
354
335
332
360
330
324
348
318
331
347
324
339
308
350
517
384
311
297
322
309
296
325
303
291
316
295
298
321
299
315
333
308
327
332
309
333
316
307
331
303
315
332
314
329
337
308
332
338
318
340
345
320
344
339
311
335
331
310
343
321
315
343
286
314
589
334
313
327
304
315
334
302
311
329
298
309
323
300
319
333
302
323
334
313
338
340
322
351
326
323
350
316
330
351
321
342
353
333
354
336
334
356
335
333
362
338
342
358
332
349
349
327
356
343
331
365
348
344
371
344
335
362
347
345
372
343
344
366
336
344
355
324
297
333
571
346
295
305
316
289
317
311
292
324
308
307
334
304
321
338
310
318
336
316
338
340
313
341
342
314
340
341
320
344
349
328
358
340
327
347
324
320
340
316
314
341
314
314
336
308
331
331
312
341
334
295
315
413
607
335
304
310
328
298
313
331
303
325
338
307
303
327
325
356
338
345
363
333
340
352
327
348
337
333
356
332
336
360
342
343
360
333
350
360
334
363
368
344
371
364
335
350
353
325
353
354
328
354
351
333
356
349
325
358
345
320
350
351
331
363
352
324
313
331
581
345
312
330
300
298
325
304
306
333
305
318
327
304
335
344
316
340
353
328
334
344
317
337
347
317
342
352
325
350
339
332
357
330
330
354
324
322
342
316
326
342
314
329
345
312
332
343
315
339
322
318
341
314
315
458
300
281
299
271
281
302
271
287
304
283
308
320
294
329
327
306
336
314
314
337
305
306
326
301
323
335
306
331
325
306
338
321
309
340
320
316
346
324
319
343
319
318
350
325
328
344
315
334
340
315
334
338
314
336
339
316
338
341
316
346
344
320
343
337
315
340
338
308
310
360
519
366
319
294
313
308
288
316
309
287
318
314
305
333
305
321
337
310
329
344
314
334
339
310
328
328
327
332
311
339
316
310
338
321
317
340
319
316
350
329
333
352
322
346
345
329
356
337
329
352
330
330
342
321
346
343
320
296
309
296
326
309
305
336
312
334
343
321
351
343
329
359
344
334
357
334
326
356
334
331
358
334
324
355
330
330
351
321
334
335
316
343
330
318
343
329
318
350
328
327
354
327
333
346
320
337
350
324
340
346
329
355
339
330
364
346
331
357
336
332
360
336
332
326
310
452
570
327
329
326
314
302
329
310
311
335
309
330
332
307
338
331
320
346
333
318
344
327
316
340
318
308
341
321
317
339
318
314
344
320
323
351
325
333
342
322
346
339
320
347
331
316
344
332
322
349
323
331
340
319
343
348
320
353
362
304
301
329
306
307
327
302
321
347
321
336
342
320
347
344
321
345
330
320
344
325
320
350
327
326
351
323
341
345
324
353
337
325
352
331
328
342
319
331
342
311
330
340
320
339
349
329
345
312
329
342
313
338
354
316
327
346
321
331
332
313
323
272
379
571
298
274
307
289
280
312
292
290
312
291
318
321
300
324
334
309
340
335
319
344
340
325
349
320
325
340
319
316
337
315
314
339
314
326
347
319
328
344
312
330
351
326
347
355
331
353
356
326
344
341
325
352
326
327
344
310
341
348
321
345
342
328
359
307
292
326
337
321
351
336
326
351
322
331
337
313
334
335
314
345
327
316
353
365
343
375
364
339
368
346
339
361
332
342
356
323
336
340
314
341
346
315
336
335
315
344
326
316
309
287
490
389
299
290
310
301
284
310
295
285
313
301
298
322
302
311
336
315
323
343
320
332
344
313
332
340
316
337
344
319
343
347
321
349
338
336
354
335
332
357
336
332
356
334
338
362
332
333
351
321
342
342
321
349
328
327
348
320
333
341
322
345
341
316
342
338
321
351
331
312
317
363
662
330
319
300
328
305
328
341
318
347
334
341
361
328
336
352
323
346
341
325
351
326
331
344
317
341
346
318
334
338
313
338
344
314
345
351
337
368
343
344
358
332
342
354
324
311
315
426
645
328
296
304
324
300
312
330
296
317
330
300
316
333
305
322
321
304
334
324
304
323
308
295
323
311
299
329
320
307
336
312
327
335
309
336
328
318
340
315
316
347
322
326
349
327
349
344
334
358
345
339
364
334
343
369
341
341
344
335
362
341
344
352
323
354
346
325
356
328
285
418
577
301
319
308
290
319
296
299
313
289
308
307
287
317
313
307
336
304
326
318
306
330
302
308
333
302
317
342
313
320
346
326
334
346
324
349
346
334
379
353
336
366
355
338
363
344
342
326
316
464
558
331
313
320
332
311
341
340
320
349
340
327
361
347
330
365
351
343
363
325
334
334
306
334
324
322
345
316
334
344
319
340
363
338
356
357
334
361
355
344
348
326
354
341
327
357
340
330
355
340
335
358
342
344
362
328
341
352
320
341
353
312
285
396
663
305
294
320
300
292
318
285
305
328
299
309
335
308
327
333
304
336
346
322
341
329
314
343
324
308
332
313
306
327
304
328
320
328
351
321
330
343
323
347
343
334
331
279
424
611
317
297
317
307
305
329
302
322
334
306
336
327
312
343
329
322
355
336
343
365
332
337
348
323
345
348
332
359
339
324
357
324
353
362
337
362
352
332
364
343
328
356
340
330
355
333
318
349
341
327
351
323
331
339
327
353
342
320
346
347
320
349
342
277
345
623
307
300
323
296
291
316
290
303
313
295
323
324
302
335
330
313
339
330
323
340
312
316
333
307
331
329
313
339
326
325
352
323
334
341
322
344
330
320
348
333
327
355
332
337
361
334
335
318
581
323
281
299
309
285
313
323
299
316
328
307
330
328
317
347
326
318
351
316
340
349
318
346
352
320
356
357
330
355
364
334
357
365
340
366
358
348
373
347
345
373
343
344
369
340
340
361
329
343
365
333
345
353
324
342
349
327
354
304
367
516
375
315
298
316
317
310
339
312
308
339
315
317
345
320
325
350
326
339
355
326
343
350
325
350
332
321
352
320
328
346
316
328
346
313
325
340
317
331
343
313
331
341
314
336
347
320
341
348
316
342
342
312
328
330
318
338
316
305
336
312
295
301
492
399
299
320
321
314
345
318
314
347
327
324
342
314
326
333
302
329
337
309
329
337
312
338
346
322
352
340
324
348
322
332
347
320
337
351
324
347
329
317
341
325
312
344
289
300
493
421
329
325
302
296
325
298
298
323
300
305
327
302
315
340
322
327
342
313
332
344
317
334
336
317
345
338
322
349
322
325
345
316
339
354
333
350
363
339
357
355
338
363
336
332
348
317
314
325
299
314
317
287
315
292
303
316
296
323
324
309
305
287
411
540
303
328
308
315
321
299
321
330
303
326
333
311
343
333
323
352
333
330
345
303
344
328
311
338
343
342
358
328
339
356
326
341
356
308
321
473
580
361
339
360
344
335
354
335
325
353
330
331
356
331
329
352
320
328
347
322
335
330
319
339
322
315
341
327
326
351
324
345
350
328
354
348
336
367
358
348
369
344
342
365
338
347
354
320
339
351
318
333
338
316
341
286
318
602
313
279
299
299
288
314
301
295
318
294
309
321
295
316
329
304
323
334
307
330
325
316
343
325
327
345
325
346
344
322
348
328
325
351
319
333
349
318
331
342
316
334
342
313
345
359
329
343
351
333
356
344
322
330
312
337
320
304
333
327
309
339
321
314
337
316
302
337
328
307
336
317
311
341
317
312
335
309
331
341
318
338
347
322
348
336
322
346
337
354
351
325
351
349
332
361
340
333
322
466
315
315
326
335
309
339
331
312
340
324
318
347
324
316
340
320
317
343
318
308
331
304
301
323
300
309
329
301
312
336
311
337
347
313
338
342
319
343
343
315
343
341
315
339
340
315
335
336
327
349
319
328
344
317
333
347
317
294
330
458
509
309
304
304
318
297
316
320
301
324
317
305
336
317
331
344
325
346
352
330
362
328
332
331
320
347
327
328
348
323
342
342
318
347
339
324
359
336
319
347
341
336
289
292
519
353
307
292
317
298
299
321
298
300
324
299
309
329
300
310
330
307
326
333
315
345
330
316
347
332
320
349
339
333
354
333
331
359
335
343
366
340
352
357
328
352
351
328
358
344
336
366
346
337
359
332
339
355
326
339
352
324
353
351
326
345
340
332
354
330
321
347
323
328
337
303
291
379
588
321
286
298
310
286
296
313
289
302
306
286
315
319
295
319
307
304
326
307
309
324
292
308
317
292
327
302
322
338
314
327
335
343
355
327
340
354
329
345
356
297
347
627
330
310
337
321
309
333
314
313
335
307
330
336
318
344
334
330
352
328
348
359
330
345
350
322
350
337
331
356
332
326
354
330
328
350
320
335
357
331
338
359
329
341
359
335
341
353
324
339
353
326
339
350
324
355
348
328
358
349
328
366
351
335
361
342
330
356
338
328
323
278
419
573
302
320
311
296
325
305
299
327
304
298
324
299
325
331
312
347
335
320
349
332
327
353
328
323
357
328
320
347
325
322
344
317
330
348
321
341
339
318
348
347
328
359
340
294
567
306
330
303
311
329
307
312
323
295
325
329
307
336
320
318
345
323
323
335
303
324
322
299
318
320
306
334
308
316
328
306
335
322
316
340
321
321
335
311
335
328
313
338
319
314
341
319
318
349
334
327
343
313
330
343
315
332
339
305
300
389
603
327
312
304
328
303
302
326
305
338
328
314
344
333
326
354
338
339
358
326
339
355
329
345
357
329
350
357
330
348
354
325
349
342
324
358
340
333
356
340
333
359
339
334
359
337
336
354
332
324
355
328
335
360
328
331
350
318
330
343
321
325
292
363
664
318
349
334
325
353
335
330
355
333
327
350
320
324
344
316
328
343
320
331
342
318
335
342
321
342
337
324
353
335
330
357
343
335
370
351
333
359
349
332
358
349
330
323
309
460
520
329
307
325
295
316
323
297
317
327
298
324
332
311
338
331
312
340
325
298
326
320
303
330
333
315
341
329
318
343
333
322
346
313
329
340
317
327
338
312
327
340
310
330
340
311
328
332
305
338
328
310
334
314
312
334
309
329
309
282
430
563
304
333
307
304
324
307
306
325
299
319
326
304
329
335
307
339
337
316
342
333
314
346
321
342
343
326
357
336
323
351
328
327
346
329
354
349
327
350
341
323
355
442
645
318
297
317
319
301
326
310
301
330
319
313
337
312
314
336
315
335
341
319
335
337
313
335
331
312
334
313
316
332
305
333
338
321
349
339
330
355
333
329
357
337
341
352
325
355
344
321
352
338
336
355
329
332
354
333
336
357
331
340
366
336
342
358
333
345
356
329
339
311
331
553
338
328
297
301
314
287
307
317
289
321
325
300
321
328
304
335
334
319
343
330
317
339
322
312
338
323
319
342
332
326
341
337
352
324
348
333
336
331
316
313
303
440
529
309
303
300
321
295
299
316
292
315
315
303
332
321
321
341
315
331
345
318
330
336
311
334
326
320
344
327
328
349
321
346
345
329
357
339
329
354
333
326
355
333
327
359
334
328
362
341
341
356
329
346
348
323
348
336
329
355
334
339
363
336
331
354
327
333
354
324
291
356
667
308
294
319
302
304
323
297
307
325
298
314
333
308
332
339
320
342
349
321
338
315
330
340
318
342
354
325
344
357
334
355
365
331
346
352
327
352
336
325
349
324
339
342
312
341
335
307
335
324
314
368
282
291
312
287
295
323
302
301
324
305
314
327
301
322
335
309
337
336
313
335
328
313
340
321
320
343
321
320
344
323
332
346
322
350
346
332
357
338
333
357
325
327
347
331
333
340
314
334
347
321
349
338
343
360
328
338
352
321
352
340
325
344
283
371
554
303
312
303
289
315
293
325
316
303
334
325
323
344
317
329
340
311
323
332
305
334
325
321
343
318
335
351
320
338
352
323
344
345
331
359
338
327
353
336
329
357
335
322
350
327
336
343
320
342
349
322
353
350
324
349
335
324
354
331
336
362
294
313
337
314
337
349
320
342
352
324
355
344
328
359
345
333
358
337
325
354
341
338
360
334
343
356
327
336
353
324
341
356
327
342
349
323
345
330
317
344
325
324
356
333
332
356
330
333
277
289
555
312
323
309
297
322
302
301
328
305
305
331
302
315
329
294
322
330
306
333
326
312
336
314
317
335
308
333
335
316
345
333
320
351
332
331
349
322
340
350
323
353
338
325
350
333
327
350
321
341
347
315
339
336
314
342
332
312
340
345
329
359
337
329
356
335
331
354
315
294
419
597
307
326
297
301
317
286
300
321
307
333
306
323
334
311
341
338
320
352
344
331
359
341
335
360
341
332
356
325
350
354
333
349
344
328
352
330
341
358
292
321
616
324
309
335
306
313
329
300
317
324
292
318
331
297
329
353
304
310
363
348
307
342
349
299
333
354
311
313
367
332
311
362
344
297
331
353
300
300
358
346
306
353
370
317
321
372
351
323
379
381
327
364
391
338
332
380
352
313
360
380
320
317
366
334
300
353
364
266
310
593
331
272
295
331
287
277
335
307
277
333
330
281
324
355
316
300
357
351
293
320
310
318
345
297
315
