250 Hz
-------------------
309
284
302
281
300
307
286
307
305
294
320
313
295
306
298
272
305
285
294
286
235
246
241
279
478
482
320
249
257
251
230
266
285
284
311
312
305
327
323
304
324
309
304
329
306
312
334
316
324
350
335
344
368
347
356
376
358
378
392
373
387
398
376
389
400
378
381
399
382
391
415
385
388
398
371
361
385
363
370
372
340
346
357
340
363
375
351
382
369
349
372
356
360
380
359
348
362
320
295
317
297
279
308
278
276
291
260
276
288
263
275
303
273
293
316
291
300
308
276
292
307
278
310
292
281
314
285
296
225
219
257
228
262
262
247
280
265
252
292
260
295
310
288
333
314
331
363
340
366
371
347
379
362
344
369
332
342
342
311
327
329
307
328
338
303
339
314
331
339
305
333
334
320
354
346
340
367
356
347
381
371
355
385
362
360
385
361
377
383
353
358
375
349
360
373
340
357
353
330
358
328
295
316
326
306
335
334
316
342
344
324
344
341
320
335
329
321
352
369
357
394
397
382
401
387
372
394
384
384
409
399
394
419
407
414
440
425
429
442
418
410
433
393
399
406
422
521
605
608
527
402
376
395
362
362
383
325
319
325
303
320
326
315
336
326
311
327
333
320
327
336
321
328
344
329
330
346
334
331
350
342
326
343
340
324
339
338
319
337
328
316
338
329
331
347
337
327
346
336
330
347
341
338
331
348
339
331
351
347
330
345
338
321
338
338
323
332
338
321
331
341
321
326
341
320
293
296
285
317
444
646
311
274
291
295
280
299
307
291
310
312
297
306
317
302
311
324
304
316
316
302
318
329
315
335
341
318
340
336
328
349
339
327
342
337
322
337
335
321
335
341
318
336
336
316
335
339
318
335
329
313
334
335
318
345
326
309
329
320
307
326
324
311
324
326
315
328
334
315
325
333
316
325
338
327
315
339
332
322
338
329
317
339
326
322
341
328
322
340
335
321
336
333
298
287
291
294
364
568
425
311
321
315
301
324
320
312
326
318
316
339
328
321
341
337
327
349
342
327
344
346
335
346
350
333
344
353
333
351
348
333
353
353
336
362
351
344
360
351
343
358
349
336
352
345
328
349
343
326
343
345
327
343
345
330
342
348
330
340
351
334
343
358
337
343
353
339
339
354
338
333
346
333
334
348
334
327
330
342
321
322
337
305
304
318
294
308
321
298
286
281
272
314
420
578
349
276
253
270
269
254
276
272
263
283
280
272
292
293
287
312
314
308
330
337
322
342
342
330
351
358
340
363
363
345
361
363
347
360
369
344
361
362
343
357
356
342
350
360
336
354
354
339
355
354
342
357
360
343
354
363
346
357
367
347
355
366
352
349
365
349
344
360
349
342
357
349
339
354
352
338
354
355
338
349
360
342
354
363
352
333
355
342
331
350
341
328
344
337
325
341
338
321
342
342
325
337
345
327
336
346
326
328
341
320
330
338
314
327
329
302
328
319
318
336
327
316
337
321
316
339
319
333
337
317
335
331
315
331
329
313
327
334
316
328
335
320
325
336
321
314
325
302
295
300
280
271
289
262
260
264
250
253
266
248
246
265
252
251
272
262
244
263
255
243
258
257
240
256
249
237
256
256
238
255
261
244
264
272
257
271
278
283
265
280
293
272
296
293
281
302
293
283
300
301
283
297
303
284
299
308
289
304
313
296
306
313
302
305
317
298
307
322
302
310
319
302
314
330
314
321
324
307
313
329
318
325
341
316
332
342
320
340
333
300
308
307
327
348
355
350
370
351
360
370
351
367
360
346
361
357
340
355
363
345
354
363
346
350
365
349
350
362
350
346
366
354
344
368
362
351
365
361
347
363
362
344
361
359
345
360
363
346
355
355
354
335
353
351
336
357
344
343
356
341
337
348
343
326
345
348
331
345
353
335
351
344
326
344
344
339
355
363
346
353
360
340
340
362
344
341
364
352
341
362
355
340
359
351
316
330
331
358
465
584
473
328
335
331
308
320
331
311
327
334
314
323
336
325
320
342
317
323
335
321
323
338
322
316
335
321
317
337
325
326
346
313
299
305
286
310
300
301
327
314
312
336
319
313
339
323
317
334
313
312
334
341
319
341
338
320
344
332
324
343
334
325
344
344
325
340
335
317
332
328
312
332
334
320
333
335
312
321
329
294
272
274
280
361
603
320
289
280
270
293
281
279
298
286
280
304
301
291
306
312
301
316
322
296
314
313
295
313
317
297
309
316
300
310
323
300
316
319
302
321
327
308
324
328
308
317
324
301
314
320
300
310
313
292
291
294
269
267
280
258
253
264
248
256
279
265
275
288
270
270
284
266
263
280
306
284
307
299
293
286
293
288
309
287
299
310
290
309
316
296
308
320
296
300
309
261
264
282
310
507
496
358
293
277
287
290
267
285
295
274
295
292
276
297
304
280
296
310
286
307
299
282
308
292
294
316
298
292
312
298
290
314
310
293
317
319
300
317
317
297
313
318
298
309
313
294
300
315
288
301
314
292
308
310
295
312
329
304
327
321
306
335
328
311
332
334
321
339
351
330
339
357
330
348
350
331
327
352
352
334
357
354
336
366
355
343
367
356
342
368
358
342
361
358
340
368
377
358
383
382
363
384
392
376
392
395
376
312
309
296
321
309
309
333
328
314
335
331
315
332
331
311
324
332
320
336
346
326
346
356
342
363
377
360
382
388
373
394
396
377
390
392
368
382
383
359
372
384
362
367
380
355
361
368
352
344
362
349
337
353
342
324
342
335
316
332
324
313
332
320
309
329
324
306
320
327
303
320
321
320
314
335
327
317
341
327
324
344
328
315
334
322
315
331
320
305
323
319
311
333
333
314
329
330
311
328
338
317
330
319
301
321
306
294
311
296
291
310
294
282
307
296
288
274
250
260
312
445
571
315
269
261
282
273
264
361
345
364
357
342
359
357
343
362
356
339
352
358
338
350
356
335
352
358
343
366
369
348
368
356
341
361
355
337
357
356
341
354
354
330
345
340
318
332
331
316
334
338
316
343
331
326
333
343
320
325
336
320
324
337
312
329
335
315
329
337
317
335
329
310
325
327
307
322
334
317
326
345
319
340
347
333
349
348
329
344
345
329
339
347
330
339
348
333
333
342
326
327
328
299
284
322
396
628
371
304
320
307
296
317
312
299
321
311
301
322
306
306
329
316
318
338
316
318
329
311
310
324
300
301
312
294
289
317
323
325
341
329
331
348
330
320
343
320
327
333
316
324
336
325
330
344
339
341
338
357
341
326
346
330
325
348
340
324
345
341
329
346
347
326
346
352
335
340
350
327
332
346
329
333
348
330
329
346
332
326
348
341
329
349
340
328
347
342
327
342
322
294
339
396
491
560
466
298
300
312
324
298
312
311
295
306
307
284
297
299
283
296
304
285
292
302
286
299
315
296
309
318
297
304
318
298
299
314
300
300
322
310
313
331
315
313
329
316
313
334
327
311
325
324
308
331
332
319
334
341
334
329
349
342
333
351
355
337
353
344
329
349
340
328
350
340
325
342
342
325
339
338
320
343
342
326
347
345
323
338
337
320
335
330
314
334
338
321
341
335
288
303
304
345
561
452
315
305
317
303
287
312
302
301
323
310
318
341
331
337
357
336
347
356
340
359
372
358
376
385
366
392
384
383
402
394
393
411
400
393
413
404
391
405
397
374
391
377
358
380
370
356
377
371
354
375
372
355
372
375
354
364
370
363
345
366
360
345
361
352
334
352
346
331
350
348
330
339
338
319
337
331
315
341
328
327
344
333
326
349
340
327
352
317
321
340
328
321
343
332
326
342
336
317
343
326
321
317
278
274
311
379
618
364
292
290
296
278
280
300
282
280
304
295
284
306
292
288
309
289
301
316
300
301
320
307
303
325
311
317
337
320
332
348
327
341
342
323
333
344
323
328
342
325
328
346
329
325
340
328
317
342
324
329
343
355
334
356
346
336
361
346
344
362
343
335
359
334
344
349
328
337
351
331
329
342
324
322
340
328
320
339
319
329
336
315
326
334
315
323
336
317
314
330
313
311
329
320
314
333
327
314
338
329
322
341
334
324
344
342
322
305
305
289
300
311
291
298
311
291
299
312
295
301
320
303
303
323
307
308
325
309
309
331
314
306
324
312
307
327
323
302
324
305
302
322
299
311
320
301
319
336
319
334
347
326
345
358
346
334
353
339
335
348
330
335
350
335
333
350
338
329
347
335
323
340
334
322
339
339
324
340
344
318
336
333
315
329
334
316
330
343
321
337
341
324
339
346
327
333
344
324
330
345
329
329
347
330
324
342
331
323
346
340
330
353
341
332
361
347
342
357
335
332
350
333
329
347
332
327
345
333
320
335
316
303
300
283
278
315
310
312
333
326
314
332
323
306
325
320
304
325
319
309
329
322
303
320
310
319
314
334
329
315
336
331
312
331
332
317
339
341
322
334
339
316
339
334
322
345
338
324
342
344
326
338
343
323
334
345
327
337
351
336
343
356
339
345
359
341
349
368
351
346
365
352
342
361
351
337
356
353
338
355
351
333
355
341
332
350
336
331
348
334
323
341
331
313
335
324
305
325
322
304
337
316
324
330
308
319
333
315
318
335
318
314
333
325
317
340
334
324
325
305
288
334
449
654
318
272
291
270
297
312
290
303
314
337
354
359
344
357
371
344
367
365
352
371
364
353
372
371
350
368
367
349
369
364
354
371
364
347
366
358
343
367
360
347
362
365
348
358
365
351
363
372
361
378
387
361
382
378
360
375
372
359
373
377
358
369
381
363
371
382
365
364
380
365
361
371
352
350
370
351
356
362
335
344
354
331
355
348
344
363
355
344
364
357
338
336
322
310
358
447
590
479
307
314
298
315
308
295
314
315
328
320
342
327
328
344
333
336
357
340
345
363
345
343
360
340
334
351
329
324
336
324
311
331
323
305
325
323
301
321
311
324
331
317
311
331
329
318
340
333
322
343
339
325
345
351
329
346
351
334
344
352
329
339
353
330
345
350
331
345
353
332
351
353
336
363
356
354
374
367
350
369
351
348
366
347
345
368
350
345
365
347
338
352
328
289
311
322
386
651
364
312
325
305
328
330
310
321
332
315
326
336
321
322
329
342
326
328
347
332
333
352
336
329
348
336
328
351
344
327
344
345
325
333
334
317
320
332
310
309
319
310
300
321
310
307
324
311
302
328
306
311
327
307
305
323
306
302
320
296
290
305
287
285
301
283
276
293
276
335
355
341
355
365
346
353
367
344
347
368
356
350
364
348
339
361
357
338
357
352
334
353
339
332
352
337
328
324
298
289
322
391
562
462
280
285
280
294
286
284
303
303
298
318
327
320
312
328
316
309
326
324
315
338
333
323
340
339
324
344
344
333
347
350
331
341
350
334
341
352
334
333
349
332
334
348
332
327
347
335
322
343
338
324
336
342
329
347
347
332
343
346
333
340
348
330
341
353
337
348
357
334
347
355
336
354
353
336
357
337
336
357
331
343
341
318
336
334
316
329
331
310
324
333
315
323
333
420
297
294
302
289
289
307
296
293
315
309
301
322
318
311
327
319
306
326
326
318
313
331
323
309
328
326
310
330
331
315
329
332
317
331
336
312
323
341
318
333
332
313
327
334
314
320
332
311
316
334
320
324
346
327
334
354
336
348
355
333
346
343
333
349
350
335
350
354
336
356
345
336
354
337
345
359
338
337
353
343
334
353
334
347
357
339
355
359
344
357
364
349
356
371
346
361
360
340
351
365
349
358
368
354
352
369
346
363
366
348
356
362
336
352
360
343
355
358
337
348
355
338
325
338
329
309
311
290
299
321
316
310
331
329
313
332
334
312
330
332
314
328
333
319
326
339
322
335
344
325
333
343
326
334
355
339
344
359
342
346
357
337
331
348
332
336
352
335
325
340
324
314
334
319
318
335
325
310
329
321
307
327
325
310
327
327
307
319
325
307
317
327
307
317
328
313
318
337
318
329
332
318
332
346
329
342
350
334
340
351
328
327
340
322
316
331
313
316
335
319
321
338
320
329
329
322
309
327
336
318
327
330
309
313
330
308
310
332
319
312
331
323
313
339
326
295
298
289
309
397
577
436
319
336
310
354
334
324
342
333
325
344
339
324
344
345
327
342
346
325
336
344
323
333
344
326
328
350
339
334
356
339
339
352
341
333
350
341
330
350
349
333
349
347
331
347
351
332
345
357
339
351
353
332
348
350
328
341
351
332
340
347
328
329
342
329
328
346
328
329
348
336
325
345
339
322
342
357
336
340
346
329
332
348
333
328
344
332
329
352
342
334
357
347
333
335
323
327
372
487
651
371
312
288
303
284
296
313
294
302
317
303
308
324
303
313
313
293
300
306
289
296
314
294
301
317
306
302
325
311
312
331
310
401
395
404
416
393
405
422
394
408
416
391
402
411
388
397
410
384
393
398
373
377
391
358
359
371
346
350
365
339
350
367
351
350
366
346
349
375
358
356
376
358
354
371
361
348
367
370
346
357
356
343
357
365
338
344
358
340
344
359
338
335
351
330
329
344
328
327
341
327
298
305
290
320
432
665
344
308
311
324
305
310
333
314
317
336
324
321
341
334
317
343
329
322
340
327
318
339
311
314
323
299
313
316
297
307
317
290
299
314
292
298
314
295
291
311
295
284
303
282
279
303
286
277
302
290
272
296
278
318
342
321
335
342
324
333
344
319
329
342
323
341
348
330
344
356
342
356
365
350
334
358
351
340
363
360
349
366
368
349
354
354
338
350
354
333
346
344
324
336
343
323
332
337
287
309
332
400
551
486
295
272
291
281
277
293
290
285
300
289
279
304
298
287
306
302
294
311
307
295
312
313
299
311
317
298
317
332
310
328
334
321
328
347
333
329
343
329
318
334
314
301
325
304
316
323
311
327
328
314
325
330
316
327
336
320
326
338
320
331
335
322
329
343
331
335
353
335
344
354
332
348
342
332
318
338
322
344
342
328
324
337
305
298
341
409
579
491
304
301
312
315
296
304
320
301
311
320
304
306
322
302
308
316
298
309
321
303
323
320
302
324
317
316
339
329
328
344
332
324
342
334
324
340
332
317
334
321
307
323
320
303
322
320
316
337
324
324
340
324
313
332
322
312
332
318
308
328
325
314
337
327
322
339
328
315
334
326
314
338
331
323
340
330
322
338
333
325
345
347
336
351
353
332
331
343
330
327
345
336
327
343
335
322
341
339
320
342
332
323
338
331
319
337
320
320
335
316
320
333
320
312
328
314
303
305
300
322
309
303
321
307
311
325
304
311
322
304
325
330
312
325
328
315
332
338
322
338
342
326
336
346
326
339
346
333
334
341
321
324
339
329
324
341
323
314
337
319
329
341
319
338
331
318
338
324
321
338
327
322
348
341
330
348
340
320
341
328
320
340
321
321
334
323
314
333
322
316
311
325
312
300
320
300
295
314
304
299
316
315
298
313
310
297
312
310
292
303
310
289
297
309
294
300
312
299
297
310
293
287
304
292
292
315
309
304
325
318
317
332
331
325
351
359
343
361
357
342
357
357
336
349
350
332
356
354
344
362
361
349
367
364
352
371
375
359
373
372
356
373
377
360
367
371
350
365
369
350
367
361
347
362
362
345
353
360
341
357
361
338
343
351
337
329
347
333
325
345
336
337
343
358
342
342
354
341
337
349
339
329
350
351
337
341
353
335
346
353
336
353
342
329
350
337
329
348
340
329
348
345
327
343
345
326
342
351
332
341
348
331
340
352
331
336
346
326
327
346
335
326
340
326
315
335
322
312
334
321
312
332
326
313
334
329
314
316
296
273
307
362
446
573
387
279
260
274
267
259
278
266
250
304
303
317
299
300
315
298
301
314
301
292
308
299
289
307
303
293
311
308
295
302
321
312
312
331
322
312
328
323
310
329
326
314
333
340
325
344
345
331
346
349
332
346
352
336
342
352
335
339
348
331
328
344
332
329
346
334
326
346
343
328
346
347
334
355
359
353
368
379
359
367
367
351
347
363
351
347
358
348
339
356
350
342
357
349
311
315
303
307
410
665
323
307
298
320
313
313
333
331
315
337
331
319
336
327
312
331
325
306
320
323
304
322
315
308
329
320
304
326
315
313
331
324
337
341
357
339
330
307
290
290
306
292
292
306
298
294
314
304
294
310
305
290
311
308
294
313
320
300
314
320
305
308
327
314
313
331
319
316
337
326
327
342
328
326
344
338
328
345
333
322
337
330
313
333
329
315
336
340
324
344
341
320
337
330
320
338
326
329
349
333
334
348
337
329
334
307
293
324
380
559
524
394
321
312
304
322
307
314
328
317
324
339
325
325
330
316
316
332
318
312
331
322
310
338
359
342
346
359
345
347
356
343
337
353
339
326
353
342
344
357
338
341
354
340
328
350
333
331
348
341
333
353
343
341
355
332
333
344
329
323
338
324
315
330
317
314
328
323
313
332
328
321
332
338
319
334
334
321
332
343
328
332
347
335
337
351
336
330
350
339
312
326
328
352
442
567
510
348
312
322
301
316
312
292
300
306
287
305
306
295
311
308
293
310
318
300
305
313
302
315
323
307
319
329
313
321
332
329
313
325
330
309
313
324
308
309
329
319
317
334
320
317
332
323
315
333
328
315
334
337
320
344
326
327
345
331
328
346
339
328
351
350
339
355
359
336
349
347
329
340
345
324
331
337
316
326
332
314
322
331
312
314
325
314
325
337
317
325
335
319
322
331
312
312
325
310
314
333
321
298
290
276
279
335
521
549
368
317
320
303
319
326
311
324
321
304
326
324
315
336
335
326
337
343
327
334
346
325
328
336
347
326
340
352
335
340
351
341
343
362
355
343
358
346
336
355
340
339
358
344
330
352
334
325
341
328
320
342
320
323
333
320
328
343
318
327
331
310
322
331
309
314
325
307
307
322
305
304
321
300
314
317
295
302
304
287
286
299
281
274
291
275
260
279
265
261
275
270
269
291
278
273
290
289
274
297
297
289
302
312
296
359
348
414
654
405
329
344
323
323
336
321
310
330
320
311
330
324
313
331
332
321
317
339
331
327
346
332
329
346
343
335
354
357
351
377
368
361
377
362
348
368
354
345
368
360
349
360
355
342
357
357
344
359
366
350
360
374
350
362
356
343
356
357
334
348
349
332
346
346
325
339
341
322
333
346
328
341
359
335
342
350
336
343
355
334
347
352
331
344
347
325
338
348
332
339
347
335
332
348
336
335
346
333
320
336
312
314
329
315
309
322
305
294
320
314
302
315
303
284
303
298
287
304
311
294
291
284
261
320
334
321
331
342
325
328
340
321
321
334
325
309
333
334
318
339
335
322
337
337
322
339
343
322
334
341
319
337
329
312
338
327
322
343
338
333
354
347
341
356
344
329
345
333
329
342
333
320
338
319
326
336
323
321
338
329
321
339
327
313
330
320
312
335
333
318
337
332
325
346
345
330
345
350
332
349
358
341
357
356
341
351
355
334
355
357
340
355
356
346
365
370
356
375
380
373
367
382
381
367
384
383
369
378
390
368
375
381
342
337
346
345
404
665
387
321
321
304
329
323
311
328
323
309
330
329
312
348
335
326
343
340
322
339
345
327
336
338
321
332
342
326
337
349
330
326
334
322
312
332
324
310
324
319
305
322
328
312
324
329
315
323
329
308
318
336
322
325
345
338
332
351
349
339
353
358
344
355
360
342
348
357
339
337
346
335
326
341
332
323
339
342
330
347
340
327
343
344
324
334
346
348
330
342
347
333
344
352
334
339
357
336
344
331
301
327
363
460
635
396
320
338
317
325
331
308
319
325
307
313
323
309
303
320
304
302
315
296
298
317
305
297
317
305
291
313
303
287
309
301
294
311
300
292
306
317
313
331
327
309
318
327
308
319
331
311
316
326
309
310
329
310
306
323
312
308
326
314
300
315
300
290
307
297
282
305
292
291
304
296
279
299
295
282
298
298
286
298
302
285
295
268
284
364
621
309
291
291
275
287
295
276
290
301
288
292
307
289
296
311
299
306
326
315
320
334
317
320
336
325
325
345
341
328
348
347
332
352
355
339
356
356
344
360
362
349
359
358
340
353
363
349
353
366
351
346
362
351
351
372
365
360
372
354
349
364
347
341
360
349
349
369
356
354
370
353
345
364
350
346
365
353
338
326
329
323
341
342
325
336
341
320
330
335
317
334
346
331
348
352
337
343
356
496
662
341
296
287
303
287
294
304
291
291
308
305
302
326
327
319
345
339
336
356
340
342
364
356
352
376
365
365
378
366
364
381
367
361
381
375
357
370
366
344
354
349
336
350
338
327
343
334
319
337
317
313
325
309
313
334
328
324
343
345
336
356
354
338
354
349
337
354
357
335
340
337
318
332
329
312
329
328
314
333
341
325
338
343
330
345
352
332
334
347
330
332
347
331
329
345
328
324
336
326
317
334
337
324
327
345
335
268
368
266
248
254
261
240
248
259
236
255
254
239
256
255
242
250
258
242
247
259
245
250
270
257
255
280
264
269
287
282
282
303
302
290
308
320
305
315
330
319
319
332
321
314
338
325
321
337
328
323
337
335
327
347
342
330
345
351
338
350
360
341
350
364
347
355
375
357
363
379
363
359
373
358
354
370
365
356
373
364
351
365
360
350
361
348
333
346
336
331
349
346
340
354
356
343
354
379
367
349
360
352
337
351
359
349
367
370
354
366
357
342
361
373
355
358
362
345
345
358
342
340
359
348
343
363
352
333
337
331
327
348
339
327
346
343
331
349
347
328
343
341
321
327
333
316
318
334
317
314
330
321
312
328
320
307
321
320
304
319
313
305
320
318
299
300
317
300
303
319
307
303
320
306
300
323
308
303
323
306
310
324
307
311
322
306
305
323
310
303
320
309
306
325
323
311
329
327
310
333
355
337
330
338
321
323
333
316
309
328
321
307
324
328
315
328
328
309
298
299
295
329
433
604
363
298
288
287
304
289
284
302
287
273
286
283
266
283
284
271
282
284
266
276
291
281
303
320
307
325
336
324
331
351
345
383
392
376
379
391
374
366
374
347
349
356
338
345
353
337
333
342
324
331
340
323
322
337
324
322
338
331
324
340
329
316
332
323
313
334
331
321
338
341
316
325
326
315
328
328
311
339
363
356
350
367
358
346
355
322
288
322
382
574
497
327
311
320
329
310
309
321
304
314
323
305
323
334
314
323
333
317
320
336
316
314
328
314
312
331
320
317
334
328
317
333
330
317
334
338
318
339
323
319
333
322
323
345
343
328
344
341
335
348
349
332
344
348
331
334
339
321
322
327
309
300
312
293
292
313
302
304
323
283
284
291
271
284
295
280
301
302
287
297
301
286
299
313
301
312
312
298
311
328
328
315
334
335
318
331
331
313
322
330
320
329
343
334
342
329
302
336
385
574
520
379
334
316
326
341
324
337
351
335
343
354
336
351
355
333
356
348
340
358
353
346
367
362
348
364
367
353
361
365
349
350
362
348
344
359
354
349
366
361
346
367
364
350
367
365
349
360
363
347
356
363
339
340
348
336
330
346
337
327
338
336
329
345
332
314
340
334
324
344
338
320
342
333
327
342
332
329
341
330
319
339
340
324
331
345
327
361
363
345
359
354
322
341
391
467
605
542
361
333
326
341
324
326
344
331
321
339
330
317
337
314
319
331
314
319
333
319
322
343
330
341
359
340
351
365
351
351
364
351
348
366
354
347
367
359
344
367
363
347
362
359
341
355
356
341
354
362
344
350
366
349
353
369
345
348
356
338
348
361
340
346
361
343
347
360
341
333
350
334
337
354
335
340
348
330
335
351
339
336
357
341
344
357
346
327
343
350
333
345
357
335
353
346
333
355
338
340
353
332
322
337
316
315
326
309
308
327
316
309
323
304
299
312
293
280
292
278
281
298
284
276
295
285
276
297
290
279
301
298
284
306
311
297
316
320
303
318
321
299
320
314
303
325
324
310
334
334
321
336
347
329
340
353
331
355
357
341
355
346
314
351
333
334
369
360
374
390
359
368
369
325
336
322
282
303
289
267
281
268
275
309
291
310
320
242
173
275
184
220
259
320
392
383
414
426
405
428
422
400
416
399
381
409
386
381
398
371
372
390
366
359
378
355
350
375
346
359
360
332
319
314
301
354
504
575
360
285
287
271
292
286
283
307
290
284
307
285
290
296
278
292
313
297
323
330
311
326
329
304
324
322
308
342
329
319
348
325
330
352
337
328
353
335
344
359
328
347
355
328
354
335
331
353
334
349
357
334
358
348
340
360
352
337
355
350
332
350
351
346
335
361
343
334
364
339
346
363
346
347
370
340
321
326
326
370
481
566
500
354
316
320
299
313
319
300
319
327
304
327
314
301
324
303
302
317
294
299
314
298
299
321
297
306
317
298
308
325
306
316
329
308
313
328
303
304
321
295
313
317
297
312
323
303
322
314
301
325
309
314
333
312
310
333
319
314
334
326
314
339
333
342
349
335
321
340
339
321
340
339
317
342
334
321
342
332
303
301
291
290
339
325
297
316
321
297
319
313
298
322
319
308
332
329
308
326
329
310
327
328
306
320
331
310
324
342
322
333
344
320
339
344
330
348
357
334
359
349
343
360
351
337
357
344
327
342
336
322
343
338
323
347
343
322
337
340
321
336
345
323
335
349
329
334
350
333
335
353
339
343
362
342
340
359
342
333
352
334
333
354
339
337
353
338
332
356
334
347
352
330
336
348
325
332
347
324
324
342
326
323
344
329
323
347
350
336
332
356
337
315
316
297
302
320
301
296
315
296
291
311
297
288
315
295
300
322
301
312
324
304
328
323
309
330
326
311
332
327
311
325
330
310
324
333
311
321
334
320
320
337
321
335
345
323
323
343
327
322
342
332
326
345
329
323
346
336
323
347
346
327
349
350
329
344
345
325
338
348
333
344
356
334
349
349
328
341
349
332
345
356
338
352
369
344
366
369
345
368
357
343
368
361
351
371
363
351
350
372
352
363
363
338
353
360
339
340
354
336
344
358
332
349
349
322
327
312
281
322
389
506
526
450
299
290
274
292
291
313
331
330
317
336
345
327
349
351
332
347
342
321
333
339
312
327
331
308
322
327
301
316
315
290
304
314
295
304
312
289
293
306
290
292
312
298
295
315
303
295
310
303
290
316
313
299
318
320
303
323
325
312
329
336
321
330
339
317
329
341
315
335
339
324
349
340
323
338
341
322
338
349
340
323
342
322
295
329
361
492
633
374
323
350
334
329
351
341
333
354
345
337
355
347
331
354
340
340
357
347
337
358
349
338
361
354
338
359
358
343
363
366
349
363
369
349
369
361
348
368
353
339
360
348
339
358
354
364
373
374
350
368
365
351
376
375
357
381
378
361
378
381
365
385
388
372
387
385
367
385
380
367
388
369
366
385
356
366
366
345
348
366
352
353
371
348
356
369
344
363
362
341
353
325
288
311
373
586
417
276
265
277
286
263
268
283
262
261
277
260
264
279
259
252
281
262
272
288
266
269
290
275
280
301
282
276
292
278
276
297
292
287
310
300
303
325
310
310
331
316
309
327
311
305
329
326
312
330
328
313
333
337
320
348
334
328
346
340
327
353
340
330
354
333
343
347
326
330
344
327
328
347
328
323
334
297
302
322
300
303
316
292
299
318
302
304
321
303
323
326
310
316
302
274
316
409
291
302
290
306
302
279
301
300
287
306
304
290
313
307
290
310
314
294
312
320
303
315
324
303
328
324
311
332
333
317
334
335
317
332
336
319
329
335
316
327
337
312
327
326
311
329
335
318
326
338
314
332
333
312
328
334
318
333
339
316
339
333
323
341
333
313
337
331
327
346
332
320
343
329
326
340
321
314
335
315
308
327
310
306
329
315
302
326
312
313
332
317
320
337
321
322
345
324
320
344
320
336
352
348
336
365
357
287
299
282
306
299
291
310
305
291
313
310
291
310
313
298
316
326
310
327
332
319
336
345
326
340
346
326
337
347
331
341
348
328
336
354
334
348
352
330
344
363
342
355
358
342
352
368
352
357
371
348
368
373
355
370
369
349
366
367
345
365
371
349
369
355
340
361
343
338
361
345
335
360
340
338
357
343
338
358
347
338
362
356
344
365
361
347
366
367
349
369
373
356
375
375
356
377
371
363
345
365
354
343
366
369
354
379
373
352
377
365
355
370
358
343
362
349
335
355
337
331
323
297
312
370
554
495
342
319
310
288
288
306
284
296
303
276
286
297
282
291
302
288
295
315
295
298
316
300
306
324
309
312
330
311
311
328
315
303
330
312
318
339
314
329
334
312
329
343
326
337
344
328
336
351
331
336
349
333
332
348
336
331
346
336
327
349
343
325
348
342
322
344
341
325
339
341
319
335
335
330
314
330
333
326
343
348
325
327
331
312
310
324
314
303
328
305
309
329
314
315
332
299
285
320
352
456
548
455
320
307
325
314
299
320
313
298
321
313
305
323
315
305
324
322
311
330
335
316
334
349
330
351
352
334
346
318
313
329
323
304
314
310
291
310
315
294
309
317
296
313
326
310
323
333
312
322
330
309
310
331
312
311
331
317
309
332
324
316
339
329
322
343
333
326
351
347
333
348
341
319
335
342
326
327
346
335
313
317
302
309
388
625
365
325
302
310
318
298
305
320
302
304
320
300
298
321
306
310
329
314
308
330
318
310
330
323
311
330
325
309
328
327
311
331
332
312
330
339
321
330
334
314
320
338
313
325
328
307
316
328
311
320
329
309
311
328
315
313
331
316
309
331
320
309
326
322
307
327
327
310
326
328
313
352
361
344
364
362
345
360
362
341
348
349
327
335
353
332
342
350
327
337
346
315
331
325
303
318
310
297
326
320
310
329
323
309
330
327
310
326
332
315
326
335
314
326
342
320
337
330
310
332
323
310
334
334
320
337
334
321
343
338
325
341
336
312
329
327
308
324
327
309
321
329
304
318
328
306
324
322
304
320
314
299
313
320
298
318
324
304
326
319
312
330
318
306
325
319
308
328
328
311
320
332
313
323
333
310
320
332
315
320
334
315
312
333
317
312
335
323
309
331
325
311
335
335
334
325
342
342
328
505
282
295
317
306
294
320
313
302
326
321
307
327
322
308
330
330
316
337
338
324
348
347
327
343
346
322
339
346
328
337
345
325
328
341
323
320
338
319
334
335
320
328
332
313
323
332
317
321
336
322
317
341
324
330
346
327
330
346
333
333
357
344
341
357
343
338
357
348
338
359
351
336
357
339
334
352
338
336
360
338
341
347
328
316
339
317
321
334
312
319
332
311
309
321
305
307
297
312
293
301
313
286
297
309
284
301
305
289
311
309
294
314
316
305
315
309
277
291
342
425
598
387
311
288
312
290
304
343
327
326
340
326
321
341
329
316
341
323
324
344
331
326
346
335
326
343
332
323
342
334
316
338
322
312
331
312
308
330
316
306
331
323
311
334
332
317
338
330
320
341
325
326
343
328
323
340
328
320
339
315
313
326
310
314
331
315
320
337
320
329
339
314
331
335
318
337
337
316
338
345
327
326
343
325
323
338
311
286
306
325
457
641
302
309
290
309
310
298
313
324
303
325
318
302
320
306
299
316
309
297
316
314
297
320
316
302
320
323
303
324
320
316
336
326
317
342
339
333
351
341
326
351
344
331
348
350
344
330
348
347
324
340
349
332
340
349
329
340
350
328
333
345
320
326
335
311
317
334
317
315
330
321
313
333
320
313
333
331
315
337
329
317
341
323
325
350
337
330
354
337
335
326
332
318
321
333
320
318
320
291
281
319
383
607
397
314
287
298
280
273
296
294
288
303
298
287
305
299
286
312
304
306
325
305
312
329
321
321
340
337
323
343
343
324
346
350
332
346
351
335
348
359
338
346
351
334
339
349
333
324
340
327
325
342
332
323
340
335
325
340
338
319
333
327
313
330
326
311
325
333
308
324
330
342
339
352
358
343
357
363
344
350
358
338
347
358
341
340
361
342
339
352
339
313
392
500
538
391
293
296
301
283
287
295
275
278
292
275
276
294
279
271
297
279
287
301
277
276
297
281
277
296
280
277
299
292
285
308
301
294
317
307
295
315
318
302
327
320
308
327
324
307
322
323
307
319
327
305
318
333
313
317
330
308
310
328
308
306
324
312
306
328
318
299
321
305
310
355
363
382
360
276
307
290
290
322
304
322
347
313
356
335
341
371
329
378
346
369
384
345
384
363
333
380
331
384
382
334
382
343
357
339
327
276
342
275
347
283
348
287
353
305
354
304
364
308
379
323
390
323
393
323
379
308
380
315
379
320
375
330
375
309
378
315
371
315
366
311
377
304
360
324
381
303
385
353
378
305
391
305
367
302
365
306
368
291
369
302
339
309
370
291
353
310
354
283
345
301
349
283
349
282
336
276
357
280
314
274
359
276
340
299
348
276
342
238
277
411
566
301
267
332
249
313
279
332
244
332
257
349
260
342
309
362
286
357
319
354
305
380
303
363
331
378
290
363
298
357
317
366
296
371
321
364
286
372
340
373
300
387
304
387
317
346
311
386
306
363
308
365
254
352
512
540
439
307
254
344
283
310
259
343
272
318
286
352
267
339
309
342
267
351
296
349
282
360
317
363
295
364
297
353
303
343
295
363
286
341
312
358
279
351
294
351
279
356
304
344
295
364
290
351
276
347
276
336
272
353
321
348
279
339
324
304
370
290
332
279
365
299
361
304
355
315
354
288
339
300
340
284
347
289
350
285
360
297
347
290
360
299
367
313
382
317
347
278
402
663
377
307
330
325
274
343
285
351
287
356
291
350
294
361
298
359
299
354
304
365
323
320
352
302
342
302
324
322
292
334
307
302
341
297
334
308
298
338
293
328
302
294
325
285
318
313
285
331
292
314
333
292
330
316
295
341
301
334
322
296
347
307
334
356
315
323
340
303
349
311
333
351
312
343
305
292
352
407
640
390
326
317
332
287
332
307
304
341
305
347
327
310
352
315
332
351
309
342
343
320
370
328
376
338
353
374
326
365
338
325
360
321
343
359
312
360
319
336
334
299
338
312
313
339
304
338
322
314
355
309
351
326
319
352
308
333
345
297
339
302
334
331
300
350
312
335
355
294
319
332
262
313
333
431
532
472
283
273
309
291
273
321
281
315
297
278
322
316
284
334
297
315
331
293
337
313
323
354
310
355
320
347
337
309
352
328
325
363
333
340
359
320
354
327
337
365
326
359
358
329
365
343
331
371
328
374
346
356
378
336
372
334
353
357
323
359
336
328
366
327
343
359
320
363
331
343
357
315
354
322
342
363
322
356
350
320
364
321
355
344
313
357
311
344
322
309
346
311
322
333
297
328
342
313
358
313
338
331
304
345
300
341
315
332
356
314
330
289
289
345
304
282
320
267
295
319
313
316
347
314
327
340
303
342
314
324
348
314
346
344
318
360
326
338
352
321
333
359
320
351
333
318
359
322
353
353
326
362
334
326
355
325
350
364
329
366
358
338
375
355
340
380
347
366
386
344
385
350
384
371
353
393
366
364
394
359
381
392
351
387
352
383
378
357
392
372
353
394
362
367
393
349
390
366
381
398
356
382
364
311
364
398
598
517
309
300
331
323
291
329
308
298
307
320
282
307
314
291
324
318
287
337
292
329
299
298
324
287
317
301
287
326
293
316
319
288
321
306
299
338
302
341
312
341
359
347
322
358
341
335
371
327
365
338
327
368
332
345
357
323
355
339
314
346
306
327
332
301
335
325
292
324
298
301
329
277
285
300
314
423
537
491
318
275
313
270
298
292
272
313
283
307
312
285
323
303
311
339
293
330
309
300
337
298
340
311
331
347
307
337
327
303
345
300
337
342
311
339
331
304
349
315
352
347
315
351
334
326
359
331
334
360
321
344
344
314
344
337
310
357
318
351
340
314
355
317
348
342
321
356
335
326
361
335
350
369
326
373
337
358
363
330
361
348
324
358
333
335
356
323
347
291
278
281
308
274
293
310
272
310
285
300
318
279
313
307
286
322
290
310
321
289
324
313
301
335
307
304
336
297
318
309
274
304
302
275
304
301
274
304
313
280
319
306
293
322
307
311
330
349
318
344
346
317
347
328
321
350
336
320
355
323
341
350
319
338
330
304
336
306
314
334
310
303
330
298
328
337
315
350
322
322
347
322
310
343
305
317
323
285
312
296
282
317
286
293
312
278
304
300
272
307
292
299
334
306
306
328
309
305
336
322
308
340
318
315
340
315
335
344
308
307
298
274
345
523
537
379
280
356
316
332
350
315
341
326
319
361
322
341
360
333
360
351
339
366
356
335
368
359
326
344
347
316
340
334
310
346
335
331
353
330
334
348
319
324
340
308
330
329
293
325
312
292
331
302
306
319
291
295
316
287
292
311
275
294
294
269
298
290
266
296
266
273
299
266
286
299
267
299
287
277
309
285
265
276
254
329
430
551
344
286
274
264
300
278
280
308
283
294
305
275
304
304
277
300
307
282
322
292
302
320
288
307
312
288
316
300
288
316
291
285
310
282
311
310
288
316
292
283
312
281
302
335
317
307
337
319
308
323
329
288
296
284
256
303
287
304
338
320
363
338
353
370
344
378
383
353
377
378
344
371
364
348
395
381
400
433
406
451
427
435
421
385
431
509
669
652
487
423
389
411
410
382
414
407
386
419
401
388
419
386
393
407
376
400
409
376
406
397
387
415
403
379
418
385
404
416
385
397
412
380
397
410
380
406
391
375
407
380
383
405
376
395
394
363
389
377
356
386
357
355
369
337
317
356
325
343
350
324
343
359
322
345
342
312
341
324
306
338
314
320
339
305
322
323
295
317
306
272
296
264
272
294
259
326
266
343
477
585
367
316
279
314
292
294
321
292
305
325
295
320
320
293
316
324
299
332
317
304
340
304
338
321
321
352
336
323
349
336
320
356
326
339
345
317
341
331
300
339
301
326
308
299
327
294
305
318
291
306
331
292
312
317
295
313
326
290
313
311
288
320
297
289
317
299
278
311
335
305
325
332
297
321
312
292
328
316
303
334
309
318
346
311
332
336
308
332
344
320
349
347
337
370
369
338
367
350
327
365
344
333
360
324
334
347
319
345
339
312
330
320
339
450
541
622
436
361
344
339
373
343
347
349
347
312
336
341
310
343
310
300
310
266
280
259
195
205
175
179
189
155
181
179
126
132
119
129
165
135
156
155
123
163
155
160
199
170
196
199
173
212
185
194
217
182
222
234
222
267
284
254
293
266
278
299
267
296
294
276
313
295
256
270
242
287
443
653
309
275
314
282
294
310
276
308
298
280
311
284
291
318
286
311
316
297
331
324
301
337
304
327
319
296
330
309
300
339
306
342
336
319
352
323
318
346
314
342
348
318
348
339
327
358
335
335
358
321
343
347
323
339
348
318
343
354
326
361
338
339
364
337
327
345
373
340
380
367
353
383
370
342
379
355
341
377
341
358
365
337
335
665
312
343
313
319
341
307
339
332
318
356
326
341
353
325
355
343
325
363
336
343
363
333
361
363
336
371
343
355
373
339
363
361
326
362
347
326
356
329
330
347
310
327
344
308
337
327
308
346
325
322
352
325
311
342
312
329
341
307
333
329
299
333
317
303
334
308
314
341
313
331
340
307
340
330
313
350
327
328
356
322
339
352
319
333
336
301
321
317
287
324
295
319
327
298
337
314
327
344
310
346
348
325
325
358
334
337
362
262
280
297
264
296
290
273
309
290
272
308
277
315
299
283
321
283
314
300
287
324
287
315
296
281
318
291
286
314
281
308
311
287
326
296
314
333
305
323
339
307
340
329
309
346
320
326
350
317
345
347
320
357
332
339
358
324
353
349
328
365
338
327
358
320
341
326
306
346
318
323
349
315
335
317
279
330
382
551
507
364
337
304
312
325
292
321
307
291
328
305
311
340
305
320
343
305
307
342
319
320
342
316
337
337
311
344
330
317
351
316
331
342
310
343
329
308
339
306
310
334
308
311
341
311
332
348
315
357
368
338
342
371
337
323
322
303
386
550
531
397
321
357
322
339
353
318
352
332
326
359
328
336
360
330
356
348
323
359
339
336
368
338
345
373
341
358
367
339
357
367
333
346
348
314
329
326
290
321
310
293
326
297
294
318
288
303
321
282
320
297
300
329
297
311
325
293
329
320
299
295
316
282
282
305
266
288
281
263
295
286
272
309
285
304
317
289
310
315
285
312
304
280
313
285
280
313
288
310
317
293
321
318
299
335
312
301
332
301
314
328
298
331
294
264
308
337
532
536
415
325
293
329
306
301
329
341
340
354
368
338
346
371
336
364
355
336
373
341
362
365
332
362
354
334
371
340
354
372
334
363
341
329
359
319
348
338
318
352
317
323
339
302
335
323
305
335
320
297
339
307
331
342
336
323
358
352
341
376
354
344
377
347
358
372
343
372
365
343
383
354
323
339
321
381
526
620
373
335
322
303
337
304
330
323
305
343
325
314
352
319
330
341
305
331
327
297
324
312
292
324
292
300
317
282
296
306
268
305
273
291
303
273
285
306
273
294
298
271
298
287
273
303
295
273
303
307
281
318
298
292
324
297
304
329
474
550
542
588
564
585
605
567
567
555
521
600
670
672
672
669
672
664
574
544
541
512
542
521
508
543
512
516
526
494
509
516
478
518
482
496
506
469
494
496
463
494
484
457
489
459
461
481
438
460
452
424
468
458
480
521
481
525
514
502
532
508
513
540
502
512
520
486
507
507
471
494
483
448
476
446
439
459
424
427
441
404
409
420
389
413
416
380
401
388
367
401
368
402
379
378
398
365
370
376
344
362
368
333
349
346
308
332
324
296
327
306
295
327
293
304
322
285
327
299
304
319
302
268
300
283
275
280
302
273
272
303
264
297
300
278
314
309
290
328
315
307
337
315
308
333
312
312
342
309
314
331
302
320
325
299
326
308
290
321
292
295
317
288
304
321
284
321
282
304
294
275
301
299
271
301
284
269
307
275
298
309
278
313
297
291
321
296
286
308
274
310
304
293
324
314
300
333
300
306
329
297
319
320
289
316
323
290
325
306
287
321
284
324
293
316
324
296
327
309
286
314
279
296
296
288
264
295
247
252
305
399
635
370
307
340
310
337
332
314
355
336
348
362
327
355
352
330
366
346
342
367
334
310
325
187
237
226
251
304
289
316
338
309
353
337
350
390
368
407
395
387
423
403
402
435
412
423
441
405
429
436
405
440
420
414
444
410
427
439
405
431
424
395
425
401
381
406
363
389
368
357
381
353
344
374
336
357
345
323
326
297
277
344
437
611
341
277
287
296
258
291
282
265
302
278
272
275
283
251
268
272
246
263
269
242
268
290
263
305
285
299
317
280
309
304
284
323
298
312
339
315
354
335
352
376
346
386
366
374
391
357
384
387
354
391
371
367
395
362
381
401
382
418
395
419
428
404
432
440
411
438
423
364
381
361
343
375
360
351
375
341
358
367
335
358
354
332
366
342
336
366
330
324
309
268
315
418
663
307
293
303
277
289
310
276
296
307
279
308
296
288
318
290
296
318
289
290
321
330
302
321
315
291
327
308
303
337
304
335
318
304
339
304
339
321
329
354
320
341
338
316
350
332
334
363
337
341
370
341
349
364
333
349
355
325
358
343
326
358
334
343
356
320
352
335
324
351
337
315
345
323
327
352
329
318
350
315
328
340
307
335
329
303
334
318
307
336
326
308
340
327
315
353
319
345
320
315
341
312
322
302
306
294
332
308
305
330
300
296
320
286
286
311
275
298
305
275
309
301
296
310
344
306
326
323
296
323
306
287
320
290
303
325
288
319
310
298
324
300
300
328
292
310
322
285
319
294
296
326
296
305
314
284
301
310
277
302
301
279
304
304
273
296
302
275
291
308
278
307
303
283
318
300
291
316
296
283
312
281
289
304
272
290
294
269
301
286
274
307
285
284
314
282
294
300
274
293
313
280
309
298
276
308
286
293
323
285
322
296
302
321
287
290
268
273
352
488
562
372
316
291
305
329
313
284
319
292
290
305
295
263
289
291
271
310
288
298
310
276
303
300
276
305
305
283
315
299
290
319
306
291
324
311
298
324
296
309
329
300
334
329
309
339
324
310
335
317
310
344
327
322
354
333
341
358
327
351
355
326
362
347
339
367
346
325
353
332
342
361
332
357
357
335
366
347
343
371
349
358
378
344
365
367
318
321
316
328
461
663
316
294
281
313
280
291
309
275
300
300
277
303
312
288
326
302
311
344
334
317
347
319
326
347
312
336
344
322
351
351
321
347
346
316
338
332
309
340
317
319
342
309
329
340
309
345
336
324
350
386
349
381
357
346
375
344
362
369
334
373
340
368
375
342
372
356
339
372
345
355
372
339
362
368
341
361
377
339
343
324
303
382
475
629
399
333
299
326
282
315
292
287
323
284
317
300
291
324
300
306
327
293
317
321
286
324
294
312
319
288
312
311
287
318
297
285
315
280
297
309
295
281
319
294
293
323
294
310
332
299
324
319
302
336
317
309
343
314
317
334
297
304
325
284
323
290
307
318
291
298
320
291
294
323
282
306
298
275
315
290
287
312
280
307
311
286
318
303
299
330
313
310
340
313
327
328
340
309
340
333
315
348
322
323
354
327
341
357
326
358
353
334
366
348
345
371
343
349
367
342
346
368
340
340
373
345
355
374
346
374
369
350
384
360
363
389
362
376
389
357
382
394
375
366
392
361
373
380
348
370
368
346
374
354
346
379
350
365
376
343
365
362
332
356
341
324
348
327
319
350
322
325
348
322
322
346
323
312
339
313
325
336
308
322
334
305
312
335
311
314
341
309
321
337
305
332
327
301
334
326
308
340
319
309
333
310
309
339
312
313
335
300
309
322
291
300
279
245
291
361
603
349
273
322
350
341
314
349
318
319
343
310
327
332
302
326
328
308
338
323
307
338
315
312
337
340
317
354
329
336
359
333
366
361
340
372
357
343
375
347
359
379
346
373
367
344
386
365
372
386
350
389
360
374
386
351
383
370
358
392
359
363
385
344
369
357
335
365
330
350
358
329
362
337
299
324
326
398
504
598
365
328
335
305
327
332
302
331
328
303
343
315
324
341
309
341
336
320
352
332
324
358
332
342
358
326
353
346
318
354
316
348
330
311
340
312
318
337
296
337
311
317
342
306
339
333
330
329
360
333
341
360
352
319
351
327
311
344
312
333
341
305
330
328
302
335
321
305
337
322
315
343
316
330
316
267
316
357
574
467
288
282
299
309
279
309
300
293
327
308
300
335
307
312
335
308
304
336
301
322
314
293
327
316
305
334
318
302
336
313
317
340
312
322
341
308
337
329
309
340
312
315
339
310
328
334
306
324
338
312
341
330
313
346
327
327
354
335
349
368
339
355
371
343
368
363
332
358
336
298
324
313
292
324
299
304
325
292
317
325
301
337
314
323
335
308
317
342
312
334
341
303
322
289
280
294
267
284
284
120
289
217
181
224
197
215
232
200
231
229
215
252
245
229
264
253
245
275
256
254
282
245
265
278
247
279
271
257
290
275
268
301
267
284
300
268
303
289
266
304
274
272
305
269
315
288
311
316
286
321
307
309
342
317
325
337
302
341
314
333
351
323
347
365
328
359
352
334
369
334
357
359
335
336
358
321
347
355
330
370
344
348
373
340
364
365
338
359
368
341
363
379
347
377
371
342
382
356
348
379
340
359
362
332
357
347
326
368
353
344
383
349
355
376
343
364
372
339
374
356
347
379
338
334
321
284
342
306
290
314
324
293
328
315
306
342
326
320
360
324
350
348
323
348
357
331
366
350
339
370
345
339
360
330
338
357
327
350
353
324
360
344
337
367
355
338
371
355
345
378
348
364
381
358
334
364
335
342
353
313
339
316
309
337
302
324
310
288
317
278
294
302
269
284
295
266
296
279
269
307
269
300
290
281
317
298
290
317
301
290
318
307
291
327
318
308
341
326
320
339
290
326
371
534
601
405
343
304
334
295
313
314
282
308
300
282
320
298
294
322
300
315
331
297
322
319
301
339
315
331
346
311
335
326
303
278
278
262
242
280
258
259
290
266
274
294
264
295
297
282
315
310
300
341
327
310
335
341
312
350
339
322
350
330
310
339
310
313
339
303
326
310
298
333
306
309
337
304
324
321
299
329
311
312
340
316
320
343
306
332
339
318
363
339
343
365
324
323
345
310
296
306
287
368
578
389
313
342
312
354
337
330
360
332
358
362
337
363
362
337
363
372
341
375
355
340
374
341
355
369
334
361
340
333
373
338
362
362
338
365
373
339
371
354
340
375
341
355
370
337
363
363
339
361
374
346
380
371
342
345
359
322
340
352
346
313
343
340
318
353
328
344
352
320
333
336
308
335
350
321
344
352
320
340
339
317
350
301
293
336
373
501
558
457
292
280
311
278
289
306
271
307
280
290
311
283
315
313
286
323
298
315
330
296
332
337
329
368
349
346
376
343
346
360
319
337
327
305
338
312
314
339
301
321
308
291
325
298
303
330
295
321
319
298
333
317
309
340
314
319
342
310
329
336
305
323
328
294
314
321
335
316
354
331
336
352
317
328
339
307
339
330
313
348
326
326
356
330
341
358
330
359
355
335
375
352
366
375
342
365
364
283
328
317
315
346
316
318
341
306
328
331
296
321
313
295
324
297
303
329
302
324
327
307
337
339
318
352
333
324
354
326
325
343
315
328
342
311
334
330
304
336
328
305
338
317
313
343
315
331
347
320
349
343
325
356
338
325
357
329
338
357
322
348
347
323
349
352
323
334
346
313
332
338
321
305
336
313
301
331
303
319
337
307
340
326
317
347
312
328
341
307
332
329
301
332
316
304
330
294
310
329
297
323
323
308
343
336
317
348
320
320
338
304
332
316
311
340
321
309
337
271
298
305
398
611
304
297
305
297
308
346
332
319
358
328
361
359
339
371
359
334
374
337
365
362
337
363
367
341
364
383
349
379
366
357
389
368
356
381
356
345
375
339
356
366
336
356
353
322
353
327
323
345
317
277
316
298
289
317
297
281
314
289
303
341
303
337
313
323
341
305
332
332
306
330
344
312
345
328
296
318
299
340
462
596
380
289
286
281
313
284
299
315
281
308
304
278
313
292
288
324
286
316
294
290
324
302
309
326
297
323
325
303
338
317
327
347
310
338
329
309
350
330
325
356
330
340
366
334
362
362
342
371
367
345
376
340
339
352
369
332
365
344
333
367
336
349
368
339
359
365
335
359
360
337
365
368
350
336
371
337
351
361
331
346
328
294
342
414
667
395
343
363
366
334
354
347
325
354
334
344
369
342
373
360
348
380
358
360
389
359
376
393
361
396
386
362
401
370
385
389
363
383
387
358
390
364
357
382
355
351
378
341
358
369
337
371
352
350
379
348
359
372
347
368
366
336
362
353
332
362
331
334
350
323
330
354
321
340
344
316
341
338
313
344
323
308
337
307
319
332
302
321
320
299
327
307
292
316
299
266
295
294
271
293
504
297
292
260
288
289
258
295
272
283
311
275
312
304
293
325
311
300
337
303
338
317
325
353
316
356
323
342
354
323
352
345
322
353
342
314
353
315
350
333
322
354
333
339
366
334
355
358
336
370
350
356
378
348
374
374
346
387
362
373
389
352
381
363
349
381
354
364
386
349
375
361
344
375
346
355
379
341
362
365
331
354
348
330
365
338
334
366
327
346
357
323
350
342
319
359
345
313
343
324
307
338
308
317
338
299
331
311
300
332
300
312
322
265
290
288
360
535
465
299
276
306
273
293
300
269
293
333
316
318
344
316
338
344
313
347
336
324
358
345
331
362
331
346
362
329
357
349
329
365
346
347
373
348
360
381
345
369
363
341
370
350
353
376
346
359
366
337
346
367
341
349
367
340
344
371
343
354
364
334
350
353
321
354
341
331
364
333
343
356
326
351
352
329
353
348
324
354
335
315
334
345
312
346
332
321
348
333
317
348
320
304
304
281
306
434
666
342
296
324
307
288
320
286
307
314
293
320
321
295
329
309
302
328
298
319
330
303
334
330
310
347
331
320
350
324
333
357
326
340
350
322
336
358
322
347
347
333
310
347
327
320
350
314
335
347
317
343
334
321
351
342
322
359
347
331
369
342
360
377
348
391
375
380
414
395
402
433
394
431
409
399
439
397
430
410
396
425
385
394
410
394
363
397
372
368
392
326
350
359
402
580
566
406
336
320
333
300
325
317
291
324
302
301
324
295
312
313
291
315
328
294
320
319
287
318
306
292
328
306
296
333
302
320
331
294
326
317
295
321
293
292
316
284
295
313
282
309
306
287
324
290
303
322
289
316
311
288
322
291
305
322
290
320
318
291
317
325
296
324
306
290
318
316
305
295
325
298
310
325
289
315
317
284
313
279
257
307
345
503
531
401
300
284
282
310
284
302
319
291
315
325
298
328
319
306
333
319
299
334
315
306
335
320
307
334
327
303
337
308
320
337
305
332
329
302
332
318
305
335
316
305
335
327
305
334
329
301
332
322
308
341
322
318
350
321
325
344
321
321
345
319
320
345
313
336
345
312
343
328
319
352
324
327
353
329
347
356
328
354
344
330
359
335
343
359
325
346
349
324
341
349
321
335
352
318
334
345
315
340
331
310
342
316
311
323
319
289
311
317
290
319
322
320
302
336
324
315
348
326
320
353
315
349
329
320
348
317
333
340
311
334
324
298
330
312
305
337
317
317
342
306
326
335
307
327
343
312
341
329
312
349
324
327
354
323
334
354
322
353
348
324
355
331
329
351
317
320
341
305
330
331
303
333
325
307
335
330
308
338
329
306
335
317
302
332
304
306
330
298
318
321
291
329
309
295
331
296
311
327
296
323
310
294
326
299
297
320
292
256
297
257
271
288
258
275
289
253
293
263
273
291
263
292
290
269
300
283
275
301
251
250
300
353
548
449
270
278
311
317
310
316
352
318
335
351
320
346
345
323
355
342
325
359
328
341
363
331
354
349
327
362
345
336
367
338
344
371
333
360
352
336
372
338
356
366
335
355
352
328
366
344
339
375
350
348
377
347
369
369
343
377
354
341
377
347
369
383
352
379
366
344
382
351
361
387
349
383
358
350
380
468
665
387
342
306
341
316
320
341
304
333
317
304
339
311
337
337
311
348
327
320
348
320
335
349
321
346
356
331
362
344
330
361
332
342
363
331
357
355
330
363
347
347
374
350
356
374
340
361
364
334
364
358
336
373
343
341
336
339
314
351
336
330
360
337
334
364
336
358
363
339
361
367
340
363
368
343
363
381
351
374
362
345
374
350
350
369
338
358
367
339
353
363
333
321
317
288
338
509
630
365
331
298
325
325
302
337
315
330
344
313
337
333
317
353
327
339
353
323
350
349
325
350
355
328
360
342
332
362
335
344
355
320
356
325
335
350
317
333
340
311
339
324
311
341
311
322
345
315
342
332
308
347
328
319
352
322
332
356
325
344
351
325
342
357
323
352
344
314
354
327
334
357
324
349
349
320
346
333
314
351
324
318
347
309
385
573
496
301
291
320
298
280
315
293
286
319
281
300
308
278
313
298
286
307
323
294
334
318
305
337
316
310
338
305
327
338
305
334
329
304
339
306
312
335
304
323
331
303
339
324
320
353
317
356
333
349
359
326
351
350
323
347
353
319
359
327
345
346
314
343
333
309
338
314
310
336
306
310
340
308
323
337
305
332
334
307
334
342
312
346
330
320
358
329
351
354
324
361
340
335
367
339
345
373
343
364
371
337
370
365
350
379
345
356
372
337
359
357
328
360
351
338
368
352
332
354
666
311
332
297
316
360
342
341
365
341
335
366
337
350
374
342
362
364
341
354
362
333
348
355
329
365
348
341
370
353
350
385
352
383
363
359
388
364
371
391
355
373
376
350
375
366
347
378
355
346
379
346
367
375
341
373
355
339
367
344
335
364
335
352
361
332
361
353
336
368
341
340
366
340
330
361
331
347
361
329
355
344
325
356
331
332
354
317
343
326
315
342
303
285
293
292
373
609
328
312
306
276
272
304
271
293
305
287
325
292
307
317
286
311
315
294
329
321
298
335
306
309
338
308
319
344
313
342
335
315
347
322
321
349
350
323
325
349
323
322
352
329
324
356
329
335
359
322
346
349
318
344
337
320
351
326
322
348
325
320
348
313
332
349
318
353
336
330
358
322
346
357
329
359
344
336
369
337
347
331
293
353
438
597
487
305
308
317
342
311
331
345
311
344
330
315
348
320
331
355
320
359
325
340
353
344
325
358
330
333
357
318
345
326
310
345
315
318
343
304
344
315
326
342
308
334
336
308
331
341
307
341
332
317
348
314
323
342
307
330
332
300
332
318
304
344
313
333
340
311
342
329
314
346
318
324
344
313
335
334
304
342
374
502
600
360
321
283
308
302
281
310
287
290
315
291
306
322
294
327
330
314
351
344
327
359
344
338
365
356
336
375
348
364
377
349
376
362
347
373
348
352
375
338
365
358
329
324
351
335
325
353
339
326
362
329
344
361
328
356
352
341
366
360
337
361
360
333
359
343
329
362
336
341
355
325
352
351
323
343
351
326
336
356
317
348
334
325
356
334
337
358
328
345
355
323
354
337
324
356
331
340
352
325
333
354
319
349
337
314
346
318
326
344
315
338
338
320
350
328
319
348
316
338
338
317
348
333
322
330
348
321
323
350
329
323
356
329
333
356
322
341
347
314
335
339
313
348
328
311
334
350
322
347
352
327
341
358
322
352
352
327
349
357
324
356
343
328
363
329
340
358
323
348
348
318
345
334
320
357
321
344
353
316
350
320
328
349
314
346
343
318
353
327
333
349
319
336
347
311
339
328
313
348
326
328
358
319
341
331
306
341
323
311
343
315
335
348
318
354
331
305
326
333
388
506
612
380
330
335
304
341
312
321
341
309
333
339
306
340
318
315
341
304
331
321
299
338
298
327
319
294
313
343
302
339
315
322
323
327
301
325
327
305
338
332
314
348
325
319
350
319
333
342
311
344
328
315
343
311
327
344
320
347
344
318
351
330
327
354
326
334
353
316
351
333
322
350
339
312
313
295
283
354
561
431
297
321
286
320
293
288
319
284
308
311
293
324
317
298
334
313
311
340
310
320
337
304
337
312
323
343
313
337
334
314
349
324
318
348
320
335
338
307
337
324
310
343
315
321
341
309
335
338
321
312
346
323
324
353
327
344
356
327
352
348
321
345
347
320
350
342
326
359
341
330
363
336
346
361
330
356
351
330
362
322
272
328
391
621
389
310
315
326
289
309
315
288
316
312
292
324
313
298
329
299
315
332
304
331
333
313
343
333
314
354
322
343
349
323
338
358
325
348
351
327
355
358
330
357
337
325
364
332
341
358
327
353
348
318
356
316
355
326
335
356
325
350
353
321
358
331
331
351
320
327
351
338
313
339
320
312
342
307
317
335
300
316
329
288
327
298
315
331
298
328
318
309
341
314
304
328
292
319
316
278
311
299
280
318
301
298
329
294
274
287
270
328
438
556
375
267
290
277
310
283
303
317
284
311
303
287
319
327
313
333
348
317
343
334
310
344
317
321
344
317
332
343
314
349
339
326
359
343
334
365
331
346
358
325
357
341
324
362
340
341
369
342
351
366
336
348
362
330
359
352
340
374
361
639
340
316
315
336
308
310
334
314
304
336
305
314
337
303
341
318
322
342
312
342
345
322
354
351
330
371
345
354
366
335
356
360
334
360
343
330
361
334
345
357
327
352
349
319
347
335
321
351
347
328
360
349
332
369
335
361
348
329
360
341
342
365
341
329
359
322
337
349
319
341
343
317
346
332
321
347
332
316
353
322
340
259
440
298
282
311
288
288
315
284
305
314
284
322
302
303
329
292
310
321
290
314
350
320
340
344
323
351
360
325
351
330
309
347
314
313
330
299
310
325
289
315
322
296
331
313
307
337
308
318
341
309
334
341
312
348
333
320
350
314
330
344
312
341
332
320
354
328
347
357
326
353
345
333
364
331
334
351
322
329
353
331
353
352
326
356
343
326
354
325
342
355
321
346
351
323
340
340
307
302
301
286
358
483
572
379
303
316
298
331
307
309
335
313
305
337
314
324
349
319
347
345
320
350
370
334
370
335
359
337
328
327
351
327
322
354
333
339
352
327
330
357
325
343
356
322
351
345
320
353
328
332
349
325
339
358
327
343
349
321
337
350
320
340
346
320
347
332
322
351
340
313
316
297
286
353
522
522
403
293
321
284
310
292
281
320
292
292
319
298
293
327
300
307
327
295
318
327
303
339
316
330
347
319
343
339
318
350
328
329
359
337
338
361
337
333
362
329
343
357
326
354
339
323
359
336
317
344
333
318
347
319
329
344
312
334
338
309
343
326
322
349
327
313
344
319
328
347
315
339
336
313
345
326
321
351
333
315
297
366
500
533
399
284
299
281
310
279
290
306
275
304
304
281
307
315
288
323
297
306
323
289
312
321
290
328
316
308
334
314
307
337
311
298
323
290
308
314
289
303
314
287
312
316
306
330
347
316
350
337
320
353
327
346
352
325
339
346
318
339
340
324
356
352
341
364
364
345
366
381
367
357
382
371
358
388
371
356
384
366
357
382
365
348
381
361
355
376
359
352
371
342
361
382
351
377
360
353
376
371
362
389
374
367
387
362
369
377
355
359
379
359
359
383
364
352
380
343
325
335
328
381
488
581
469
346
300
327
298
319
335
308
329
337
306
332
326
303
335
316
308
342
329
324
348
331
321
347
337
320
352
331
327
346
323
317
345
318
333
340
314
339
322
309
340
314
324
342
315
336
337
327
314
344
329
335
356
333
345
353
332
357
348
335
371
340
359
369
347
368
342
300
324
320
430
664
320
318
292
309
313
292
308
321
307
327
332
307
318
328
306
315
330
311
313
329
311
309
329
310
298
321
298
308
320
303
313
329
305
317
333
312
320
336
315
317
334
317
313
332
314
304
329
305
310
332
307
301
324
307
320
339
314
357
368
352
352
378
361
368
392
372
378
393
367
368
382
364
366
385
358
370
371
329
311
326
297
294
286
239
263
297
422
566
307
266
289
276
267
288
275
265
289
280
284
309
286
299
311
283
300
303
280
299
310
281
306
299
287
314
296
301
326
305
309
335
318
324
350
327
329
339
316
322
341
312
330
336
318
334
343
324
340
341
321
334
348
316
331
337
316
335
329
314
342
337
317
343
330
327
349
336
329
354
335
336
357
336
350
355
333
359
348
338
360
350
336
361
343
336
356
338
346
361
336
349
348
345
323
340
347
268
285
295
271
296
289
280
312
298
293
320
306
299
326
311
305
329
312
302
328
310
314
336
318
316
344
321
320
341
321
337
349
326
330
350
327
328
353
326
342
350
333
340
354
334
353
354
336
361
344
343
367
358
350
379
367
366
389
370
371
393
374
369
391
370
353
376
352
341
361
339
330
355
331
342
347
323
338
350
322
330
353
332
349
352
325
337
342
320
335
340
318
339
326
321
342
333
392
665
344
310
330
306
311
328
307
311
332
317
313
336
323
313
334
328
312
332
325
307
330
334
313
330
337
311
332
325
309
363
372
348
360
371
348
372
362
351
374
353
356
378
358
356
379
365
352
376
354
358
378
359
360
381
370
362
384
367
359
379
370
351
377
360
351
370
351
370
378
358
378
376
350
369
361
344
369
349
352
370
346
366
367
333
322
321
308
369
604
454
328
337
317
308
329
312
308
334
320
313
336
342
320
325
339
314
332
330
308
324
328
303
316
318
302
320
325
307
325
325
308
329
341
318
347
339
324
350
342
324
346
346
325
340
344
325
342
348
325
332
342
321
329
346
327
327
345
326
323
341
326
315
341
316
323
332
308
336
350
355
336
362
338
333
358
336
348
352
308
299
309
316
396
636
332
309
295
275
297
284
271
296
279
282
307
291
297
316
298
299
321
298
307
319
299
306
322
301
314
316
293
306
317
313
295
311
317
295
310
323
298
323
317
302
330
311
314
337
313
327
343
323
337
349
324
337
353
335
346
349
325
340
349
327
334
347
324
337
350
330
334
354
332
346
351
327
336
352
331
339
354
333
347
352
334
344
355
330
357
350
337
358
355
332
360
349
335
357
335
344
358
338
352
367
342
346
359
334
346
354
334
354
349
335
360
307
311
328
328
311
326
332
309
323
334
309
317
332
311
313
334
312
310
331
315
316
328
345
319
326
336
314
326
339
314
335
339
317
340
321
319
344
322
329
348
326
327
348
330
331
352
339
327
353
330
331
349
331
329
352
339
330
354
339
339
359
349
349
377
354
353
369
349
342
358
340
336
359
336
350
357
335
361
336
300
316
318
382
619
386
301
317
290
305
308
288
307
302
289
311
310
293
309
314
298
311
320
302
310
322
300
318
323
303
326
310
305
325
310
304
328
310
313
337
316
333
347
322
322
345
341
325
344
346
342
326
347
344
319
347
343
334
360
342
330
353
333
343
351
331
340
350
328
331
347
326
324
326
293
273
311
373
658
328
306
313
289
292
308
288
296
314
292
306
319
296
305
321
299
318
326
309
331
332
314
336
338
321
342
344
323
341
347
325
341
355
336
361
363
345
368
362
347
367
366
343
359
360
338
350
360
334
350
355
335
357
349
337
360
348
337
362
358
341
358
363
341
359
364
344
358
380
377
360
379
375
359
379
387
368
397
382
379
402
382
386
401
380
397
401
374
401
385
372
398
382
373
395
380
368
390
271
293
290
277
300
293
272
302
287
278
303
291
281
301
288
278
299
289
273
298
294
276
299
305
285
307
298
286
312
288
298
310
287
310
306
292
317
312
298
325
321
302
327
309
307
327
312
306
328
316
308
333
326
308
331
327
303
326
316
309
338
324
321
342
326
315
335
326
327
355
342
326
329
345
323
324
345
326
325
344
327
313
335
316
306
326
312
297
316
295
290
314
305
297
324
309
301
323
295
306
318
300
310
325
303
322
320
293
290
280
276
326
457
610
337
315
295
322
309
303
333
314
320
338
325
334
349
327
331
343
356
337
353
367
343
354
371
347
362
362
343
356
362
341
346
359
334
341
350
329
341
350
332
332
349
324
326
350
334
328
350
331
316
341
326
331
349
330
322
349
337
324
348
336
333
332
352
337
332
364
347
338
359
346
335
356
327
311
318
328
394
484
591
451
345
365
342
337
364
340
326
351
336
327
349
340
334
359
345
328
351
336
324
345
325
311
331
310
302
321
297
308
316
293
305
318
292
297
315
290
283
302
278
279
298
280
272
294
264
282
289
271
296
285
274
296
288
275
299
290
279
299
294
274
295
300
307
309
329
325
307
326
328
307
304
294
274
311
399
568
445
290
305
288
314
292
290
306
321
298
317
315
295
311
313
290
313
325
303
324
321
310
339
328
323
347
338
323
350
347
334
361
353
338
363
357
343
364
361
340
358
363
343
356
366
350
358
373
350
366
369
350
377
360
353
374
356
343
369
348
355
366
343
349
369
346
363
366
347
355
362
340
349
366
346
346
366
345
341
361
342
338
360
347
336
359
336
342
353
331
350
349
325
338
343
318
336
345
327
347
347
322
339
344
325
340
352
333
338
317
276
268
309
391
366
375
347
359
367
347
357
364
342
347
361
336
343
354
336
357
351
338
358
354
336
357
343
333
355
333
348
355
334
350
352
329
349
352
329
346
350
329
338
357
335
351
350
332
344
352
333
344
357
330
348
345
325
341
345
322
339
351
329
336
354
334
351
357
336
361
348
338
359
344
330
349
333
318
341
324
324
341
313
315
331
307
306
322
303
304
321
297
313
315
294
303
288
248
276
337
543
270
283
297
274
288
299
279
293
309
290
304
317
292
304
319
297
294
314
296
297
318
305
299
327
309
309
332
315
313
333
323
327
326
352
344
328
355
338
330
358
335
340
347
328
335
352
325
321
343
331
328
346
333
323
347
333
316
343
322
320
345
330
340
351
328
330
350
333
332
351
336
336
354
334
334
354
333
348
328
289
334
386
501
559
499
328
311
307
326
304
301
320
295
296
316
298
293
314
301
289
310
295
277
268
289
265
289
282
268
301
284
280
307
290
291
315
301
295
321
301
300
319
298
304
321
296
313
320
300
311
327
304
323
324
311
337
335
321
347
339
313
338
320
322
339
318
336
341
317
340
337
322
350
339
323
351
349
322
342
294
623
327
326
301
327
325
309
337
333
327
351
344
330
355
348
334
358
337
336
355
322
340
343
322
344
352
329
341
351
330
338
358
333
346
354
336
357
343
335
362
336
346
356
333
352
364
348
338
364
356
346
372
359
355
377
365
355
381
370
355
376
374
354
375
376
357
377
386
364
388
382
365
384
359
347
367
340
327
341
316
315
331
317
316
335
318
316
337
321
328
350
337
326
355
338
338
360
342
333
351
332
332
353
334
347
363
343
355
364
347
352
367
351
355
370
349
359
353
303
318
335
398
644
342
291
315
307
322
339
334
325
343
341
323
339
339
320
335
332
317
333
335
318
331
336
323
328
349
358
330
347
345
328
346
348
333
345
349
337
347
362
349
350
368
352
348
371
351
357
368
347
352
369
347
363
365
346
366
379
356
376
376
355
377
391
365
385
374
361
379
365
350
365
350
341
354
338
328
348
332
317
316
294
289
337
410
588
453
304
310
314
329
304
318
328
309
325
330
311
325
332
308
312
327
300
302
314
289
294
311
293
297
317
304
300
323
307
306
327
310
302
326
300
310
317
291
296
301
275
269
266
279
258
271
282
351
356
382
361
365
389
370
382
403
378
383
393
371
381
393
370
381
402
374
386
391
368
387
385
363
362
354
358
415
497
589
554
436
359
386
359
379
371
350
373
355
352
375
352
365
372
355
368
371
351
370
365
353
379
377
357
382
389
365
390
373
362
380
358
348
369
343
350
354
326
341
334
309
328
328
306
327
327
302
328
324
311
336
332
316
336
342
321
342
338
319
348
337
322
346
338
323
314
341
315
326
336
312
322
339
315
334
341
317
338
332
319
348
319
319
339
306
331
336
304
333
323
299
338
309
333
347
285
332
339
267
336
258
332
254
328
279
320
250
320
251
336
282
338
286
334
277
346
266
324
283
329
262
330
265
328
282
352
287
345
289
347
271
346
325
381
281
354
320
336
267
370
317
310
263
362
248
267
303
526
522
321
256
351
264
306
276
343
253
303
281
348
247
322
300
330
256
342
317
336
309
280
375
299
330
289
374
284
325
302
362
280
345
314
369
291
353
324
378
288
353
339
373
284
382
364
401
326
416
393
444
345
420
379
398
332
408
324
362
312
390
308
340
290
376
313
356
297
365
312
373
302
353
335
376
298
371
312
363
318
345
347
296
359
311
374
282
283
262
304
363
334
415
383
447
402
468
450
493
514
486
544
485
514
473
446
457
404
448
400
401
393
326
362
320
363
340
276
302
265
308
282
463
243
240
299
288
302
342
276
316
256
308
278
346
334
345
382
319
308
257
265
368
542
364
264
324
269
316
273
335
277
339
291
340
305
321
338
287
346
287
304
277
276
304
247
226
250
208
263
228
271
285
252
329
302
359
322
352
352
301
345
304
335
326
290
334
307
299
343
295
346
312
333
353
294
347
290
334
299
300
329
276
318
337
318
351
346
314
347
317
321
326
285
330
402
590
458
290
300
298
333
290
306
328
322
289
333
310
296
346
304
348
331
329
361
328
356
360
322
367
351
328
370
325
359
347
318
360
309
353
318
336
345
303
352
313
340
347
312
358
330
340
365
318
362
325
336
361
313
356
326
332
359
316
357
324
336
366
321
350
350
313
348
342
315
365
327
348
359
312
355
315
345
332
310
363
320
346
333
304
352
305
334
336
300
342
320
322
350
309
322
309
266
353
445
610
370
312
306
328
288
316
310
282
326
299
296
328
321
290
338
337
330
336
371
329
368
345
337
375
349
354
384
340
369
371
339
381
357
343
384
346
360
376
337
366
363
329
366
344
326
373
338
367
372
331
371
332
359
345
322
363
330
338
356
316
312
298
264
340
563
393
263
281
255
299
250
290
253
283
279
249
297
260
278
292
250
293
254
277
268
241
283
256
254
286
247
271
281
240
285
251
272
288
244
280
269
245
285
256
269
295
259
303
288
274
308
287
296
328
329
298
342
315
326
349
312
338
329
301
346
310
343
338
309
352
326
317
356
318
355
325
340
353
312
356
328
334
348
306
298
336
324
304
348
317
345
347
320
352
334
325
362
341
331
367
326
348
358
320
362
324
346
358
319
358
321
343
354
317
357
321
339
346
307
329
334
301
334
331
302
346
320
339
352
321
353
355
324
367
348
335
369
321
353
329
315
346
301
329
320
306
343
322
308
345
309
322
342
302
343
339
282
316
308
364
580
376
303
303
311
271
295
265
260
286
257
256
286
246
268
275
236
279
243
266
282
245
286
266
252
288
257
266
294
261
285
302
264
309
284
289
315
276
303
308
273
309
296
280
322
292
325
323
294
336
316
347
367
379
340
372
351
344
376
344
359
374
335
371
341
355
360
302
345
366
443
612
434
353
334
355
312
351
316
326
347
304
342
312
319
346
308
340
340
313
352
328
321
357
328
342
368
346
318
362
331
354
358
330
368
352
331
367
332
343
364
328
359
352
327
364
338
330
368
345
353
377
336
364
350
332
368
341
345
372
335
360
350
322
363
339
333
367
334
352
367
329
360
346
328
366
339
340
371
337
350
365
326
347
359
330
371
350
355
380
342
366
374
338
373
353
341
381
347
354
367
309
314
317
297
415
665
302
298
306
308
339
302
332
322
305
345
328
319
356
325
353
346
324
366
345
340
370
344
335
371
355
350
383
352
369
373
343
379
364
355
388
368
366
395
365
387
398
365
394
378
359
394
363
379
403
360
400
364
370
388
346
378
353
339
372
343
349
366
330
323
318
279
327
455
661
322
269
298
256
297
263
282
292
256
295
257
284
291
256
300
265
284
297
261
301
284
272
308
273
297
300
268
300
297
280
317
306
284
329
294
322
324
299
339
315
329
344
314
348
340
310
357
329
346
361
326
354
347
327
366
337
332
358
368
336
375
329
307
398
473
584
341
320
311
282
325
301
317
331
290
324
315
294
330
305
306
339
306
322
344
299
331
316
302
340
303
341
309
318
346
301
335
315
300
337
296
327
306
291
332
303
315
330
294
326
324
297
336
316
315
349
320
326
345
309
335
339
303
347
309
335
342
307
347
331
323
359
333
336
368
326
347
357
315
357
323
344
353
319
370
337
363
358
326
362
347
330
364
333
344
368
329
351
439
606
426
300
329
288
324
283
323
288
309
305
277
312
285
283
313
272
297
286
264
308
281
303
313
275
311
294
278
314
280
333
367
337
343
375
340
360
377
339
368
364
335
370
342
350
378
353
370
387
347
374
354
345
384
353
361
386
354
372
376
340
357
331
276
328
408
671
314
318
321
283
320
296
290
320
298
287
323
282
322
294
313
332
295
320
322
294
339
308
331
352
313
346
333
305
344
324
328
360
334
349
362
350
322
356
333
327
354
323
337
350
316
342
347
312
349
327
312
352
319
330
347
306
332
335
304
336
323
303
346
308
335
335
301
327
320
297
332
306
306
341
311
317
337
299
333
313
301
338
300
334
319
300
338
299
332
316
306
336
335
308
306
340
307
318
341
296
336
314
303
334
300
320
336
295
331
322
296
340
307
330
346
313
346
331
312
352
317
329
345
309
339
336
305
346
320
316
341
301
315
308
277
311
293
274
291
308
268
306
283
287
304
262
262
274
229
247
244
211
246
230
217
257
225
254
259
228
273
246
262
281
238
271
255
247
281
253
253
279
241
260
266
237
263
259
233
275
241
259
269
207
244
269
338
476
472
331
275
242
284
248
269
286
248
285
275
252
298
264
295
298
267
305
284
296
317
281
317
314
289
325
312
299
335
311
312
360
347
319
366
333
361
356
327
365
348
336
373
330
371
342
351
373
339
374
366
345
349
380
341
362
372
332
373
315
321
321
327
425
642
336
340
309
320
336
301
314
333
295
329
316
297
335
315
313
343
308
319
344
309
338
334
311
350
327
318
357
319
359
326
344
364
328
360
355
329
366
337
335
366
324
353
352
316
358
324
345
356
321
359
337
321
356
322
337
348
314
330
344
306
335
331
298
335
311
300
336
302
318
333
294
324
314
291
330
307
302
333
295
317
325
289
326
315
298
339
299
328
314
317
321
352
321
320
318
319
288
298
318
278
312
308
282
327
296
322
330
304
338
319
322
348
309
331
341
306
340
325
310
349
320
339
355
323
363
344
333
366
334
348
363
324
351
351
317
348
335
316
352
324
329
359
328
345
358
321
351
347
316
349
335
319
360
318
348
330
313
346
317
329
348
313
340
338
312
354
323
340
359
319
358
326
341
357
322
354
341
325
367
349
347
379
348
355
379
342
372
364
337
370
351
286
371
667
363
309
330
331
299
327
320
305
343
328
315
351
319
344
359
322
358
337
327
362
324
343
359
318
358
322
334
350
327
321
346
360
321
354
345
323
363
336
351
376
334
378
342
360
373
336
380
351
369
377
347
390
366
371
389
353
372
378
351
384
380
355
388
375
351
391
346
385
357
373
385
348
384
349
318
339
330
426
558
565
404
310
345
301
334
305
305
337
303
324
325
295
330
307
294
335
305
313
345
304
307
346
309
330
342
311
349
334
314
351
327
327
358
322
329
353
312
348
327
314
349
307
329
336
302
325
326
295
332
314
303
337
298
339
310
320
343
304
334
314
301
340
304
343
319
330
357
317
360
326
340
355
315
353
325
343
352
338
303
340
314
331
350
316
355
344
333
371
336
370
347
357
378
342
372
368
337
372
350
347
379
348
373
381
354
383
392
356
394
367
365
392
361
378
395
360
398
387
362
405
370
393
401
380
367
404
361
398
366
360
382
351
354
373
335
365
346
329
365
333
348
368
333
354
351
325
364
343
337
366
345
328
365
330
340
355
316
349
325
308
345
311
322
343
310
343
324
303
345
304
339
317
326
342
307
337
327
301
338
263
296
318
514
580
306
284
323
281
315
297
285
319
290
299
325
287
317
304
285
327
289
309
318
284
357
360
327
352
358
326
364
347
339
370
342
347
364
329
334
355
316
350
328
316
331
342
304
341
317
325
340
304
335
310
294
327
289
299
320
280
302
317
283
314
297
278
322
291
316
323
286
326
292
314
327
292
326
312
300
333
302
310
302
247
289
347
613
348
275
297
284
256
299
262
289
284
267
306
281
296
315
278
305
298
276
316
292
288
322
282
318
292
284
320
286
306
314
286
321
296
304
331
284
320
304
292
328
315
309
343
317
318
341
305
333
345
308
352
337
317
358
316
354
328
343
364
321
325
356
333
335
367
309
299
335
308
306
326
275
280
338
387
533
509
361
321
288
320
311
293
334
312
308
345
313
321
349
311
335
341
305
345
327
314
349
317
333
345
308
344
336
317
356
328
348
363
326
360
351
329
361
333
338
359
321
348
353
317
356
316
352
334
314
350
324
329
358
323
336
350
312
333
344
309
343
324
311
348
314
330
353
315
352
323
323
351
322
314
348
312
333
343
306
334
333
306
339
335
311
320
346
308
324
342
301
343
316
334
348
311
345
341
314
350
324
325
355
320
345
343
313
340
290
298
336
395
668
331
311
326
323
325
348
369
330
366
337
340
371
336
362
357
333
373
344
359
376
340
377
364
343
377
348
352
382
367
401
412
383
422
400
404
391
320
362
285
311
263
299
277
259
298
261
271
296
250
297
263
278
309
255
319
256
330
263
319
257
326
251
320
269
326
253
292
201
237
297
607
250
316
268
324
250
344
268
323
307
359
270
351
330
379
283
361
330
363
271
347
314
346
270
362
326
353
269
333
293
347
252
330
321
365
277
375
313
365
310
380
302
360
326
378
292
375
325
365
292
384
312
362
307
379
298
359
321
388
319
375
314
379
304
394
325
388
334
379
332
403
342
382
323
408
323
370
328
392
324
391
334
385
346
398
324
400
336
392
341
394
320
387
357
392
310
397
340
386
314
370
332
378
307
383
319
377
296
384
295
355
326
367
258
374
450
554
532
332
284
349
285
354
270
358
322
356
278
368
315
359
290
366
301
360
310
366
287
356
322
361
282
362
301
340
299
363
291
346
280
353
300
331
277
358
287
328
296
359
274
345
306
373
290
355
316
367
293
368
300
356
301
347
295
369
308
345
278
357
292
328
275
353
275
325
282
325
231
325
285
337
259
351
269
338
310
343
264
347
293
339
267
323
277
311
223
270
206
256
269
313
342
293
383
318
389
358
411
337
423
364
414
371
451
371
425
370
445
380
446
383
439
398
447
378
450
395
427
374
444
320
362
598
663
331
408
315
372
342
393
312
393
348
383
320
403
354
381
306
399
327
391
328
380
318
387
348
385
334
395
334
384
327
396
314
366
310
375
295
351
298
362
291
351
280
355
303
333
279
358
287
336
298
367
287
350
305
366
280
367
307
351
274
364
293
356
307
368
289
366
292
371
296
384
320
389
353
337
325
271
360
306
342
270
351
303
349
294
369
300
332
291
367
273
353
303
338
299
362
299
354
308
367
294
374
320
360
312
374
308
374
318
369
330
379
306
379
309
368
301
368
296
348
284
352
290
357
282
331
289
358
280
357
315
348
282
361
307
365
283
346
300
357
259
287
302
461
634
313
307
244
341
264
301
256
331
263
313
256
323
289
330
248
336
275
335
263
346
291
350
279
359
304
340
272
361
284
326
295
355
272
327
313
356
264
339
311
344
273
362
292
350
287
359
306
348
274
362
292
343
283
349
288
336
276
667
248
303
304
359
271
350
327
373
287
363
341
387
302
366
331
395
319
386
372
412
322
416
347
400
341
416
334
401
379
411
334
416
361
406
341
410
346
402
353
408
336
403
373
409
330
413
354
401
330
388
349
389
323
395
334
394
342
398
325
399
326
385
326
375
318
373
320
365
313
382
308
386
301
377
321
363
286
364
315
357
290
315
232
367
666
322
289
341
252
317
290
349
258
348
284
335
279
354
293
334
273
359
285
342
311
365
283
361
323
372
291
367
306
372
305
366
298
364
307
378
300
356
326
377
296
371
328
289
305
391
306
392
333
372
326
399
324
397
332
385
313
320
303
434
557
503
390
281
332
311
377
282
352
312
371
295
352
300
369
311
351
292
380
294
346
302
368
298
365
310
377
310
374
296
382
294
362
320
375
320
368
310
379
302
364
322
381
299
378
328
372
311
383
318
377
327
384
309
381
307
378
323
381
303
374
333
362
292
374
317
358
307
374
305
374
311
370
328
383
304
370
338
370
292
383
327
370
295
308
234
366
667
303
334
296
283
354
268
323
309
355
263
334
293
357
279
344
308
371
289
352
298
374
311
354
274
354
277
373
311
350
296
382
305
374
322
382
301
376
337
381
298
390
350
380
329
373
349
336
418
335
357
342
415
310
393
360
401
328
399
319
317
284
440
664
367
267
329
221
301
263
306
223
268
233
301
200
252
219
285
193
258
222
273
220
277
231
283
208
268
236
292
211
269
218
301
247
311
255
316
270
327
266
322
284
331
251
318
278
337
242
290
280
353
259
303
273
363
252
302
299
366
254
330
340
362
270
373
355
371
278
382
349
383
290
397
369
410
301
377
363
401
299
349
339
407
293
350
484
450
301
264
369
